sample	seg_order	chr	startpos	endpos	BAF	pval	LogR	ntot	nMaj1_A	nMin1_A	frac1_A	nMaj2_A	nMin2_A	frac2_A	SDfrac_A	SDfrac_A_BS	frac1_A_0.025	frac1_A_0.975	nMaj1_B	nMin1_B	frac1_B	nMaj2_B	nMin2_B	frac2_B	SDfrac_B	SDfrac_B_BS	frac1_B_0.025	frac1_B_0.975	nMaj1_C	nMin1_C	frac1_C	nMaj2_C	nMin2_C	frac2_C	SDfrac_C	SDfrac_C_BS	frac1_C_0.025	frac1_C_0.975	nMaj1_D	nMin1_D	frac1_D	nMaj2_D	nMin2_D	frac2_D	SDfrac_D	SDfrac_D_BS	frac1_D_0.025	frac1_D_0.975	nMaj1_E	nMin1_E	frac1_E	nMaj2_E	nMin2_E	frac2_E	SDfrac_E	SDfrac_E_BS	frac1_E_0.025	frac1_E_0.975	nMaj1_F	nMin1_F	frac1_F	nMaj2_F	nMin2_F	frac2_F	SDfrac_F	SDfrac_F_BS	frac1_F_0.025	frac1_F_0.975
TR1	1	1	768253	249201268	0.572976006	0	0.030075682	2.51525368	1	1	0.527655079	2	1	0.472344921	0.001401544	0.001419958	0.524887939	0.53041603	0	1	0.26382754	2	1	0.73617246	0.000700772	0.000721113	0.262454825	0.265252493	1	1	0.76382754	3	1	0.23617246	0.000700772	0.000691145	0.762416866	0.765260909	2	1	0.606752504	2	2	0.393247496	0.00134176	0.001320397	0.604136406	0.609287355	2	0	0.303376252	2	2	0.696623748	0.00067088	0.000690284	0.302003241	0.304724405	2	1	0.803376252	2	3	0.196623748	0.00067088	0.000667259	0.802039869	0.804705976
TR1	2	2	11320	242954299	0.702805387	1	0.236444573	3.019532766	3	1	1	NA	NA	NA	NA	NA	NA	NA	NA	NA	NA	NA	NA	NA	NA	NA	NA	NA	NA	NA	NA	NA	NA	NA	NA	NA	NA	NA	NA	NA	NA	NA	NA	NA	NA	NA	NA	NA	NA	NA	NA	NA	NA	NA	NA	NA	NA	NA	NA	NA	NA	NA	NA	NA	NA	NA	NA	NA
TR1	3	3	60596	197846280	0.5043731	1	-0.313407363	1.820507582	1	1	1	NA	NA	NA	NA	NA	NA	NA	NA	NA	NA	NA	NA	NA	NA	NA	NA	NA	NA	NA	NA	NA	NA	NA	NA	NA	NA	NA	NA	NA	NA	NA	NA	NA	NA	NA	NA	NA	NA	NA	NA	NA	NA	NA	NA	NA	NA	NA	NA	NA	NA	NA	NA	NA	NA	NA	NA	NA
TR1	4	4	110646	190744136	0.503936183	1	-0.290970258	1.861015929	1	1	1	NA	NA	NA	NA	NA	NA	NA	NA	NA	NA	NA	NA	NA	NA	NA	NA	NA	NA	NA	NA	NA	NA	NA	NA	NA	NA	NA	NA	NA	NA	NA	NA	NA	NA	NA	NA	NA	NA	NA	NA	NA	NA	NA	NA	NA	NA	NA	NA	NA	NA	NA	NA	NA	NA	NA	NA	NA
TR1	5	5	850203	156803499	0.822741663	0	-0.541240571	1.442959628	1	0	0.60902976	2	0	0.39097024	0.002367968	0.002352315	0.604895167	0.613866654	0	0	0.30451488	2	0	0.69548512	0.001183984	0.001194157	0.302029172	0.306876935	1	0	0.80451488	3	0	0.19548512	0.001183984	0.001197799	0.802144003	0.80680141	2	0	0.868785541	2	1	0.131214459	0.000685425	0.000690095	0.867442277	0.870122984	2	0	0.93439277	2	2	0.06560723	0.000342713	0.000326496	0.933743599	0.934999026	NA	NA	NA	NA	NA	NA	NA	NA	NA	NA
TR1	6	5	156874428	157895459	0.702987075	1	0.4273589	3.554847215	3	1	1	NA	NA	NA	NA	NA	NA	NA	NA	NA	NA	NA	NA	NA	NA	NA	NA	NA	NA	NA	NA	NA	NA	NA	NA	NA	NA	NA	NA	NA	NA	NA	NA	NA	NA	NA	NA	NA	NA	NA	NA	NA	NA	NA	NA	NA	NA	NA	NA	NA	NA	NA	NA	NA	NA	NA	NA	NA
TR1	7	5	157902491	180742812	0.822019116	0	-0.52138208	1.47354757	1	0	0.617778097	2	0	0.382221903	0.005683958	0.005718222	0.605311659	0.628842912	0	0	0.308889048	2	0	0.691110952	0.002841979	0.00283874	0.303373911	0.314425671	1	0	0.808889048	3	0	0.191110952	0.002841979	0.00283874	0.803373911	0.814425671	2	0	0.866240712	2	1	0.133759288	0.001661611	0.001609875	0.862977237	0.869502827	2	0	0.933120356	2	2	0.066879644	0.000830805	0.000804937	0.931488618	0.934751413	NA	NA	NA	NA	NA	NA	NA	NA	NA	NA
TR1	8	6	202452	170921585	0.661077093	0	0.128477807	2.746723601	2	0	0.160779148	2	1	0.839220852	0.001081848	0.001093786	0.158603941	0.162862547	2	0	0.580389574	2	2	0.419610426	0.000540924	0.000530613	0.579406964	0.581430562	1	0	0.673462026	1	1	0.326537974	0.000627667	0.000640284	0.672195122	0.674763605	1	0	0.836731013	1	2	0.163268987	0.000313834	0.00030815	0.836075256	0.837327119	NA	NA	NA	NA	NA	NA	NA	NA	NA	NA	NA	NA	NA	NA	NA	NA	NA	NA	NA	NA
TR1	9	7	80500	159122659	0.503302977	1	0.488265336	3.74107816	2	2	1	NA	NA	NA	NA	NA	NA	NA	NA	NA	NA	NA	NA	NA	NA	NA	NA	NA	NA	NA	NA	NA	NA	NA	NA	NA	NA	NA	NA	NA	NA	NA	NA	NA	NA	NA	NA	NA	NA	NA	NA	NA	NA	NA	NA	NA	NA	NA	NA	NA	NA	NA	NA	NA	NA	NA	NA	NA
TR1	10	8	156294	10402850	0.583110417	0	0.01108711	2.4723759	1	1	0.448981909	2	1	0.551018091	0.004998073	0.004864738	0.439881541	0.458254282	0	1	0.224490954	2	1	0.775509046	0.002499036	0.002507033	0.219642177	0.229389002	1	1	0.724490954	3	1	0.275509046	0.002499036	0.002507033	0.719642177	0.729389002	1	0	0.393945461	1	1	0.606054539	0.002554716	0.002563367	0.388867052	0.398807401	1	0	0.69697273	1	2	0.30302727	0.001277358	0.001255088	0.694560339	0.699401597	NA	NA	NA	NA	NA	NA	NA	NA	NA	NA
TR1	11	8	10404620	13305763	0.504818286	1	-0.179799604	2.07128767	1	1	1	NA	NA	NA	NA	NA	NA	NA	NA	NA	NA	NA	NA	NA	NA	NA	NA	NA	NA	NA	NA	NA	NA	NA	NA	NA	NA	NA	NA	NA	NA	NA	NA	NA	NA	NA	NA	NA	NA	NA	NA	NA	NA	NA	NA	NA	NA	NA	NA	NA	NA	NA	NA	NA	NA	NA	NA	NA
TR1	12	8	13307167	20483790	0.579099382	0	0.013735934	2.478323347	1	1	0.480572468	2	1	0.519427532	0.006429007	0.00649037	0.467532446	0.493284115	0	1	0.240286234	2	1	0.759713766	0.003214504	0.003245185	0.233766223	0.246642058	1	1	0.740286234	3	1	0.259713766	0.003214504	0.003245185	0.733766223	0.746642058	1	0	0.377529964	1	1	0.622470036	0.003396222	0.003429283	0.370727464	0.384328303	1	0	0.688764982	1	2	0.311235018	0.001698111	0.001714641	0.685363732	0.692164151	NA	NA	NA	NA	NA	NA	NA	NA	NA	NA
TR1	13	8	20512857	29892594	0.503222274	1	-0.221260672	1.990966306	1	1	1	NA	NA	NA	NA	NA	NA	NA	NA	NA	NA	NA	NA	NA	NA	NA	NA	NA	NA	NA	NA	NA	NA	NA	NA	NA	NA	NA	NA	NA	NA	NA	NA	NA	NA	NA	NA	NA	NA	NA	NA	NA	NA	NA	NA	NA	NA	NA	NA	NA	NA	NA	NA	NA	NA	NA	NA	NA
TR1	14	8	29893136	48415811	0.581222561	0	0.010720444	2.471553478	1	1	0.463925883	2	1	0.536074117	0.005519232	0.005368587	0.454234512	0.474576498	0	1	0.231962942	2	1	0.768037058	0.002759616	0.002727638	0.226541485	0.236951488	1	1	0.731962942	3	1	0.268037058	0.002759616	0.002727638	0.726541485	0.736951488	1	0	0.386247474	1	1	0.613752526	0.002865231	0.00283173	0.38097599	0.391766868	1	0	0.693123737	1	2	0.306876263	0.001432616	0.001415865	0.690487995	0.695883434	NA	NA	NA	NA	NA	NA	NA	NA	NA	NA
TR1	15	8	48423165	92396932	0.504014576	1	-0.293725357	1.856007829	1	1	1	NA	NA	NA	NA	NA	NA	NA	NA	NA	NA	NA	NA	NA	NA	NA	NA	NA	NA	NA	NA	NA	NA	NA	NA	NA	NA	NA	NA	NA	NA	NA	NA	NA	NA	NA	NA	NA	NA	NA	NA	NA	NA	NA	NA	NA	NA	NA	NA	NA	NA	NA	NA	NA	NA	NA	NA	NA
TR1	16	8	92397142	94570988	0.583715606	9.74E-88	0.033479166	2.522998851	1	1	0.444162638	2	1	0.555837362	0.017216731	0.017468114	0.40868465	0.475055123	0	1	0.222081319	2	1	0.777918681	0.008608366	0.008734057	0.204342325	0.237527561	1	1	0.722081319	3	1	0.277918681	0.008608366	0.008734057	0.704342325	0.737527561	1	0	0.39640266	1	1	0.60359734	0.00875634	0.008871894	0.380238209	0.413791531	1	0	0.69820133	1	2	0.30179867	0.00437817	0.004435947	0.690119104	0.706895766	NA	NA	NA	NA	NA	NA	NA	NA	NA	NA
TR1	17	8	94572717	120901873	0.642701062	1	0.216105906	2.966568499	2	1	1	NA	NA	NA	NA	NA	NA	NA	NA	NA	NA	NA	NA	NA	NA	NA	NA	NA	NA	NA	NA	NA	NA	NA	NA	NA	NA	NA	NA	NA	NA	NA	NA	NA	NA	NA	NA	NA	NA	NA	NA	NA	NA	NA	NA	NA	NA	NA	NA	NA	NA	NA	NA	NA	NA	NA	NA	NA
TR1	18	8	120918282	123646183	0.579334474	4.15E-127	-0.015619666	2.413016886	1	1	0.478737526	2	1	0.521262474	0.015402282	0.015302718	0.448889904	0.509493442	0	1	0.239368763	2	1	0.760631237	0.007701141	0.007651359	0.224444952	0.254746721	1	1	0.739368763	3	1	0.260631237	0.007701141	0.007651359	0.724444952	0.754746721	1	0	0.378498368	1	1	0.621501632	0.008120741	0.008077654	0.361878852	0.393957696	1	0	0.689249184	1	2	0.310750816	0.00406037	0.004098783	0.681359503	0.697166714	NA	NA	NA	NA	NA	NA	NA	NA	NA	NA
TR1	19	8	123646965	127321273	0.649342575	1.22E-38	0.283978853	3.146268567	2	1	0.822849384	3	1	0.177150616	0.014003819	0.014546997	0.793600587	0.850334202	1	1	0.411424692	3	1	0.588575308	0.00700191	0.007273498	0.396800293	0.425167101	2	1	0.911424692	4	1	0.088575308	0.00700191	0.007273498	0.896800293	0.925167101	2	0	0.095664725	2	1	0.904335275	0.00703878	0.007309826	0.08160315	0.110106539	2	0	0.547832362	2	2	0.452167638	0.00351939	0.003654913	0.540801575	0.55505327	NA	NA	NA	NA	NA	NA	NA	NA	NA	NA
TR1	20	8	127321964	128091418	0.579336469	5.85E-35	0.004093304	2.456724971	1	1	0.478721945	2	1	0.521278055	0.029510672	0.029477132	0.417781458	0.536610408	0	1	0.239360972	2	1	0.760639028	0.014755336	0.014738566	0.208890729	0.268305204	1	1	0.739360972	3	1	0.260639028	0.014755336	0.014738566	0.708890729	0.768305204	1	0	0.378506583	1	1	0.621493417	0.0155586	0.01554263	0.347020282	0.409070905	1	0	0.689253292	1	2	0.310746708	0.0077793	0.007771315	0.673510141	0.704535452	NA	NA	NA	NA	NA	NA	NA	NA	NA	NA
TR1	21	8	128172028	134857328	0.501038115	1	-0.231050063	1.972336078	1	1	1	NA	NA	NA	NA	NA	NA	NA	NA	NA	NA	NA	NA	NA	NA	NA	NA	NA	NA	NA	NA	NA	NA	NA	NA	NA	NA	NA	NA	NA	NA	NA	NA	NA	NA	NA	NA	NA	NA	NA	NA	NA	NA	NA	NA	NA	NA	NA	NA	NA	NA	NA	NA	NA	NA	NA	NA	NA
TR1	22	8	134859183	139256124	0.584203546	1.38E-243	0.055976624	2.574657554	1	1	0.440266836	2	1	0.559733164	0.010357342	0.01025438	0.419910303	0.459648244	0	1	0.220133418	2	1	0.779866582	0.005178671	0.00512719	0.209955152	0.229824122	1	1	0.720133418	3	1	0.279866582	0.005178671	0.00512719	0.709955152	0.729824122	2	1	0.686647932	2	2	0.313352068	0.00904307	0.008951808	0.669061054	0.703873308	2	0	0.343323966	2	2	0.656676034	0.004521535	0.004475904	0.334530527	0.351936654	2	1	0.843323966	2	3	0.156676034	0.004521535	0.004475904	0.834530527	0.851936654
TR1	23	8	139256490	144961728	0.506102264	1	-0.181450934	2.068044263	1	1	1	NA	NA	NA	NA	NA	NA	NA	NA	NA	NA	NA	NA	NA	NA	NA	NA	NA	NA	NA	NA	NA	NA	NA	NA	NA	NA	NA	NA	NA	NA	NA	NA	NA	NA	NA	NA	NA	NA	NA	NA	NA	NA	NA	NA	NA	NA	NA	NA	NA	NA	NA	NA	NA	NA	NA	NA	NA
TR1	24	8	144966243	146300622	0.579772636	3.22E-40	0.035137394	2.526779038	1	1	0.475312097	2	1	0.524687903	0.028091536	0.028022017	0.418302357	0.525849074	0	1	0.237656049	2	1	0.762343951	0.014045768	0.014011009	0.209151178	0.262924537	1	1	0.737656049	3	1	0.262343951	0.014045768	0.014011009	0.709151178	0.762924537	2	1	0.655487104	2	2	0.344512896	0.025436079	0.025296611	0.608147561	0.705309126	2	0	0.327743552	2	2	0.672256448	0.01271804	0.012648305	0.30407378	0.352654563	2	1	0.827743552	2	3	0.172256448	0.01271804	0.012648305	0.80407378	0.852654563
TR1	25	9	203937	141063525	0.508135313	1	-0.28816142	1.866131571	1	1	1	NA	NA	NA	NA	NA	NA	NA	NA	NA	NA	NA	NA	NA	NA	NA	NA	NA	NA	NA	NA	NA	NA	NA	NA	NA	NA	NA	NA	NA	NA	NA	NA	NA	NA	NA	NA	NA	NA	NA	NA	NA	NA	NA	NA	NA	NA	NA	NA	NA	NA	NA	NA	NA	NA	NA	NA	NA
TR1	26	10	92066	135235890	0.505111205	1	-0.365369692	1.729077906	1	1	1	NA	NA	NA	NA	NA	NA	NA	NA	NA	NA	NA	NA	NA	NA	NA	NA	NA	NA	NA	NA	NA	NA	NA	NA	NA	NA	NA	NA	NA	NA	NA	NA	NA	NA	NA	NA	NA	NA	NA	NA	NA	NA	NA	NA	NA	NA	NA	NA	NA	NA	NA	NA	NA	NA	NA	NA	NA
TR1	27	11	196944	134946381	0.587798344	0	-0.096230394	2.240371311	1	1	0.411281029	2	1	0.588718971	0.00199154	0.00203548	0.407463962	0.415192447	0	1	0.205640515	2	1	0.794359485	0.00099577	0.000980055	0.203645255	0.20755012	1	1	0.705640515	3	1	0.294359485	0.00099577	0.00095544	0.703801234	0.707542795	1	0	0.412847258	1	1	0.587152742	0.000979381	0.000999506	0.410725465	0.414783181	1	0	0.706423629	1	2	0.293576371	0.000489691	0.000469869	0.705519323	0.707369421	NA	NA	NA	NA	NA	NA	NA	NA	NA	NA
TR1	28	12	202094	133831319	0.630913939	1	0.151701479	2.803693833	2	1	1	NA	NA	NA	NA	NA	NA	NA	NA	NA	NA	NA	NA	NA	NA	NA	NA	NA	NA	NA	NA	NA	NA	NA	NA	NA	NA	NA	NA	NA	NA	NA	NA	NA	NA	NA	NA	NA	NA	NA	NA	NA	NA	NA	NA	NA	NA	NA	NA	NA	NA	NA	NA	NA	NA	NA	NA	NA
TR1	29	13	19455957	114989973	0.504147227	1	-0.281714119	1.877911555	1	1	1	NA	NA	NA	NA	NA	NA	NA	NA	NA	NA	NA	NA	NA	NA	NA	NA	NA	NA	NA	NA	NA	NA	NA	NA	NA	NA	NA	NA	NA	NA	NA	NA	NA	NA	NA	NA	NA	NA	NA	NA	NA	NA	NA	NA	NA	NA	NA	NA	NA	NA	NA	NA	NA	NA	NA	NA	NA
TR1	30	14	20433516	107227228	0.505408086	1	-0.236715873	1.961611068	1	1	1	NA	NA	NA	NA	NA	NA	NA	NA	NA	NA	NA	NA	NA	NA	NA	NA	NA	NA	NA	NA	NA	NA	NA	NA	NA	NA	NA	NA	NA	NA	NA	NA	NA	NA	NA	NA	NA	NA	NA	NA	NA	NA	NA	NA	NA	NA	NA	NA	NA	NA	NA	NA	NA	NA	NA	NA	NA
TR1	31	15	20001861	102403326	0.634808333	1	0.181109673	2.877163857	2	1	1	NA	NA	NA	NA	NA	NA	NA	NA	NA	NA	NA	NA	NA	NA	NA	NA	NA	NA	NA	NA	NA	NA	NA	NA	NA	NA	NA	NA	NA	NA	NA	NA	NA	NA	NA	NA	NA	NA	NA	NA	NA	NA	NA	NA	NA	NA	NA	NA	NA	NA	NA	NA	NA	NA	NA	NA	NA
TR1	32	16	84170	89998794	0.517601571	0	-0.12622854	2.178546889	1	1	0.899149748	2	1	0.100850252	0.001827189	0.001819732	0.895408328	0.902579	0	1	0.449574874	2	1	0.550425126	0.000913595	0.000864395	0.447834767	0.451280305	1	1	0.949574874	3	1	0.050425126	0.000913595	0.000935468	0.947718061	0.951445431	2	1	0.162003267	2	2	0.837996733	0.002735524	0.002681623	0.15671717	0.167335352	2	0	0.081001633	2	2	0.918998367	0.001367762	0.001392097	0.078195462	0.083667485	2	1	0.581001633	2	3	0.418998367	0.001367762	0.001358946	0.57834664	0.583567692
TR1	33	17	2041	79998834	0.527174648	0	0.457684816	3.646590757	2	1	0.24557114	2	2	0.75442886	0.002379505	0.002360402	0.240924832	0.250516503	2	0	0.12278557	2	2	0.87721443	0.001189752	0.001231777	0.120357166	0.125114232	2	1	0.62278557	2	3	0.37721443	0.001189752	0.001152517	0.620361069	0.624891467	1	1	0.841147299	2	1	0.158852701	0.00171616	0.001726372	0.837821484	0.844598804	0	1	0.42057365	2	1	0.57942635	0.00085808	0.000886921	0.418703916	0.422292818	1	1	0.92057365	3	1	0.07942635	0.00085808	0.000891074	0.918880449	0.922405484
TR1	34	18	125371	78012463	0.567115886	0	0.025930668	2.505845682	1	1	0.571466168	2	1	0.428533832	0.002169151	0.002158431	0.567205898	0.575667543	0	1	0.285733084	2	1	0.714266916	0.001084576	0.001089913	0.283571618	0.287814058	1	1	0.785733084	3	1	0.214266916	0.001084576	0.001090136	0.78360271	0.787952411	2	1	0.56379528	2	2	0.43620472	0.002178341	0.002213453	0.559278823	0.568093698	2	0	0.28189764	2	2	0.71810236	0.001089171	0.001091123	0.279614485	0.283996884	2	1	0.78189764	2	3	0.21810236	0.001089171	0.001099711	0.779762205	0.784100266
TR1	35	19	226776	20251337	0.505532881	1	-0.278847107	1.88316686	1	1	1	NA	NA	NA	NA	NA	NA	NA	NA	NA	NA	NA	NA	NA	NA	NA	NA	NA	NA	NA	NA	NA	NA	NA	NA	NA	NA	NA	NA	NA	NA	NA	NA	NA	NA	NA	NA	NA	NA	NA	NA	NA	NA	NA	NA	NA	NA	NA	NA	NA	NA	NA	NA	NA	NA	NA	NA	NA
TR1	36	19	20262323	20824066	0.813577333	1	1.234743323	6.794105663	6	1	1	NA	NA	NA	NA	NA	NA	NA	NA	NA	NA	NA	NA	NA	NA	NA	NA	NA	NA	NA	NA	NA	NA	NA	NA	NA	NA	NA	NA	NA	NA	NA	NA	NA	NA	NA	NA	NA	NA	NA	NA	NA	NA	NA	NA	NA	NA	NA	NA	NA	NA	NA	NA	NA	NA	NA	NA	NA
TR1	37	19	20892161	37796078	0.503431595	1	-0.262665361	1.913025027	1	1	1	NA	NA	NA	NA	NA	NA	NA	NA	NA	NA	NA	NA	NA	NA	NA	NA	NA	NA	NA	NA	NA	NA	NA	NA	NA	NA	NA	NA	NA	NA	NA	NA	NA	NA	NA	NA	NA	NA	NA	NA	NA	NA	NA	NA	NA	NA	NA	NA	NA	NA	NA	NA	NA	NA	NA	NA	NA
TR1	38	19	37876657	38179212	0.872674572	2.48E-08	1.567709165	8.756180174	8	0	0.159027048	8	1	0.840972952	0.026040554	0.026267314	0.107523839	0.210018626	8	0	0.579513524	8	2	0.420486476	0.013020277	0.012866954	0.553806949	0.604828542	7	0	0.304929578	7	1	0.695070422	0.022933823	0.02266376	0.2596502	0.34951927	7	0	0.652464789	7	2	0.347535211	0.011466911	0.01133188	0.6298251	0.674759635	NA	NA	NA	NA	NA	NA	NA	NA	NA	NA	NA	NA	NA	NA	NA	NA	NA	NA	NA	NA
TR1	39	19	38180680	46396741	0.503914356	1	-0.279848595	1.881329921	1	1	1	NA	NA	NA	NA	NA	NA	NA	NA	NA	NA	NA	NA	NA	NA	NA	NA	NA	NA	NA	NA	NA	NA	NA	NA	NA	NA	NA	NA	NA	NA	NA	NA	NA	NA	NA	NA	NA	NA	NA	NA	NA	NA	NA	NA	NA	NA	NA	NA	NA	NA	NA	NA	NA	NA	NA	NA	NA
TR1	40	19	46397237	46954029	0.817388261	1	1.23632736	6.802408756	6	1	1	NA	NA	NA	NA	NA	NA	NA	NA	NA	NA	NA	NA	NA	NA	NA	NA	NA	NA	NA	NA	NA	NA	NA	NA	NA	NA	NA	NA	NA	NA	NA	NA	NA	NA	NA	NA	NA	NA	NA	NA	NA	NA	NA	NA	NA	NA	NA	NA	NA	NA	NA	NA	NA	NA	NA	NA	NA
TR1	41	19	46957273	49983123	0.505871087	1	-0.221843897	1.989852824	1	1	1	NA	NA	NA	NA	NA	NA	NA	NA	NA	NA	NA	NA	NA	NA	NA	NA	NA	NA	NA	NA	NA	NA	NA	NA	NA	NA	NA	NA	NA	NA	NA	NA	NA	NA	NA	NA	NA	NA	NA	NA	NA	NA	NA	NA	NA	NA	NA	NA	NA	NA	NA	NA	NA	NA	NA	NA	NA
TR1	42	19	49995743	50353720	0.832491632	1	1.463947497	8.095514765	7	1	1	NA	NA	NA	NA	NA	NA	NA	NA	NA	NA	NA	NA	NA	NA	NA	NA	NA	NA	NA	NA	NA	NA	NA	NA	NA	NA	NA	NA	NA	NA	NA	NA	NA	NA	NA	NA	NA	NA	NA	NA	NA	NA	NA	NA	NA	NA	NA	NA	NA	NA	NA	NA	NA	NA	NA	NA	NA
TR1	43	19	50359520	54142851	0.504085333	1	-0.273300998	1.893362706	1	1	1	NA	NA	NA	NA	NA	NA	NA	NA	NA	NA	NA	NA	NA	NA	NA	NA	NA	NA	NA	NA	NA	NA	NA	NA	NA	NA	NA	NA	NA	NA	NA	NA	NA	NA	NA	NA	NA	NA	NA	NA	NA	NA	NA	NA	NA	NA	NA	NA	NA	NA	NA	NA	NA	NA	NA	NA	NA
TR1	44	19	54143430	54611560	0.879082008	1	1.768703043	10.17934534	10	1	1	NA	NA	NA	NA	NA	NA	NA	NA	NA	NA	NA	NA	NA	NA	NA	NA	NA	NA	NA	NA	NA	NA	NA	NA	NA	NA	NA	NA	NA	NA	NA	NA	NA	NA	NA	NA	NA	NA	NA	NA	NA	NA	NA	NA	NA	NA	NA	NA	NA	NA	NA	NA	NA	NA	NA	NA	NA
TR1	45	19	54612403	54820828	0.688051772	0.000964367	0.729725703	4.561844955	3	1	0.848660724	3	2	0.151339276	0.046465076	0.046653984	0.748451653	0.935347392	3	0	0.424330362	3	2	0.575669638	0.023232538	0.023326992	0.374225827	0.467673696	3	1	0.924330362	3	3	0.075669638	0.023232538	0.023326992	0.874225827	0.967673696	4	1	0.39528172	4	2	0.60471828	0.060204095	0.060448861	0.265442343	0.507600323	4	0	0.19764086	4	2	0.80235914	0.030102048	0.030224431	0.132721172	0.253800162	4	1	0.69764086	4	3	0.30235914	0.030102048	0.030224431	0.632721172	0.753800162
TR1	46	19	54838610	55197669	0.870766852	3.30E-12	1.601371908	8.980927645	8	0	0.137984085	8	1	0.862015915	0.018965396	0.019063225	0.099791374	0.175221372	8	0	0.568992043	8	2	0.431007957	0.009482698	0.009531613	0.549895687	0.587610686	8	1	0.070269745	9	1	0.929730255	0.141986673	0.142692475	-0.221893767	0.34507944	7	1	0.035134873	9	1	0.964865127	0.070993337	0.071346237	-0.110946884	0.17253972	8	1	0.535134873	10	1	0.464865127	0.070993337	0.071346237	0.389053116	0.67253972	NA	NA	NA	NA	NA	NA	NA	NA	NA	NA
TR1	47	19	55197855	59097308	0.510341497	7.78E-12	-0.321535975	1.805986811	1	0	0.056008506	1	1	0.943991494	0.007981146	0.007645355	0.041049568	0.070477315	1	0	0.528004253	1	2	0.471995747	0.003990573	0.003822678	0.520524784	0.535238657	0	0	0.983865348	1	0	0.016134652	0.002396287	0.002461859	0.979174441	0.988802709	0	0	0.991932674	2	0	0.008067326	0.001198143	0.00123093	0.98958722	0.994401355	NA	NA	NA	NA	NA	NA	NA	NA	NA	NA	NA	NA	NA	NA	NA	NA	NA	NA	NA	NA
TR1	48	20	20043815	62918861	0.632882151	1	0.207710744	2.944923297	2	1	1	NA	NA	NA	NA	NA	NA	NA	NA	NA	NA	NA	NA	NA	NA	NA	NA	NA	NA	NA	NA	NA	NA	NA	NA	NA	NA	NA	NA	NA	NA	NA	NA	NA	NA	NA	NA	NA	NA	NA	NA	NA	NA	NA	NA	NA	NA	NA	NA	NA	NA	NA	NA	NA	NA	NA	NA	NA
TR1	49	21	15273744	48088617	0.579572171	0	-0.039200502	2.361511339	1	1	0.476880163	2	1	0.523119837	0.003415919	0.003511811	0.469920257	0.484007265	0	1	0.238440082	2	1	0.761559918	0.00170796	0.001654425	0.235289636	0.241660672	1	1	0.738440082	3	1	0.261559918	0.00170796	0.001708091	0.735018465	0.741773488	1	0	0.379476704	1	1	0.620523296	0.001797526	0.001725174	0.37628881	0.382910921	1	0	0.689738352	1	2	0.310261648	0.000898763	0.000895315	0.687912034	0.69146876	NA	NA	NA	NA	NA	NA	NA	NA	NA	NA
TR1	50	22	16566779	49998118	0.635039869	1	0.242799752	3.036236085	2	1	1	NA	NA	NA	NA	NA	NA	NA	NA	NA	NA	NA	NA	NA	NA	NA	NA	NA	NA	NA	NA	NA	NA	NA	NA	NA	NA	NA	NA	NA	NA	NA	NA	NA	NA	NA	NA	NA	NA	NA	NA	NA	NA	NA	NA	NA	NA	NA	NA	NA	NA	NA	NA	NA	NA	NA	NA	NA
R1	1	1	768253	249201268	0.592351939	0	-0.020766627	2.497738146	1	1	0.500006772	2	1	0.499993228	0.00124634	0.001253215	0.497664347	0.502393306	0	1	0.250003386	2	1	0.749996614	0.00062317	0.000615049	0.248725699	0.2511841	1	1	0.750003386	3	1	0.249996614	0.00062317	0.000629526	0.748673823	0.751193723	1	0	0.344088128	1	1	0.655911872	0.000590266	0.000583329	0.342994498	0.345283	1	0	0.672044064	1	2	0.327955936	0.000295133	0.000290111	0.671445635	0.672612786	NA	NA	NA	NA	NA	NA	NA	NA	NA	NA
R1	2	2	11320	7737783	0.664275126	1	0.167934946	2.875692281	2	1	1	NA	NA	NA	NA	NA	NA	NA	NA	NA	NA	NA	NA	NA	NA	NA	NA	NA	NA	NA	NA	NA	NA	NA	NA	NA	NA	NA	NA	NA	NA	NA	NA	NA	NA	NA	NA	NA	NA	NA	NA	NA	NA	NA	NA	NA	NA	NA	NA	NA	NA	NA	NA	NA	NA	NA	NA	NA
R1	3	2	7738514	14346642	0.617244597	0	0.286578171	3.1399206	2	1	0.799113848	2	2	0.200886152	0.004943257	0.004939294	0.789626326	0.808598685	2	0	0.399556924	2	2	0.600443076	0.002471629	0.002469647	0.394813163	0.404299342	2	1	0.899556924	2	3	0.100443076	0.002471629	0.002469647	0.894813163	0.904299342	1	1	0.323955955	2	1	0.676044045	0.006743991	0.00673786	0.31088011	0.336750925	0	1	0.161977977	2	1	0.838022023	0.003371995	0.00336893	0.155440055	0.168375463	1	1	0.661977977	3	1	0.338022023	0.003371995	0.00336893	0.655440055	0.668375463
R1	4	2	14347699	18806293	0.59178974	0	0.385929603	3.378528849	2	1	0.652529009	2	2	0.347470991	0.00778098	0.007888846	0.63742039	0.668584544	2	0	0.326264504	2	2	0.673735496	0.00389049	0.003944423	0.318710195	0.334292272	2	1	0.826264504	2	3	0.173735496	0.00389049	0.003857051	0.818556111	0.834094963	2	2	0.054016986	3	2	0.945983014	0.016353232	0.01621481	0.020733108	0.085912708	1	2	0.027008493	3	2	0.972991507	0.008176616	0.008107405	0.010366554	0.042956354	2	2	0.527008493	4	2	0.472991507	0.008176616	0.008107405	0.510366554	0.542956354
R1	5	2	18817232	116334776	0.663005434	1	0.208154549	2.962841191	2	1	1	NA	NA	NA	NA	NA	NA	NA	NA	NA	NA	NA	NA	NA	NA	NA	NA	NA	NA	NA	NA	NA	NA	NA	NA	NA	NA	NA	NA	NA	NA	NA	NA	NA	NA	NA	NA	NA	NA	NA	NA	NA	NA	NA	NA	NA	NA	NA	NA	NA	NA	NA	NA	NA	NA	NA	NA	NA
R1	6	2	116360926	116577212	0.558124388	7.96E-10	0.272341666	3.107055574	2	1	0.438127496	2	2	0.561872504	0.061650208	0.061271167	0.31067103	0.552999935	2	0	0.219063748	2	2	0.780936252	0.030825104	0.032179133	0.151427932	0.27895285	2	1	0.719063748	2	3	0.280936252	0.030825104	0.032179133	0.651427932	0.77895285	1	1	0.709690101	2	1	0.290309899	0.051605503	0.053572558	0.601066677	0.813725149	0	1	0.35484505	2	1	0.64515495	0.025802752	0.026786279	0.300533338	0.406862574	1	1	0.85484505	3	1	0.14515495	0.025802752	0.026786279	0.800533338	0.906862574
R1	7	2	116577335	242954299	0.661762219	1	0.225784554	3.001814966	2	1	1	NA	NA	NA	NA	NA	NA	NA	NA	NA	NA	NA	NA	NA	NA	NA	NA	NA	NA	NA	NA	NA	NA	NA	NA	NA	NA	NA	NA	NA	NA	NA	NA	NA	NA	NA	NA	NA	NA	NA	NA	NA	NA	NA	NA	NA	NA	NA	NA	NA	NA	NA	NA	NA	NA	NA	NA	NA
R1	8	3	60596	197846280	0.505329966	1	-0.330265636	1.975511377	1	1	1	NA	NA	NA	NA	NA	NA	NA	NA	NA	NA	NA	NA	NA	NA	NA	NA	NA	NA	NA	NA	NA	NA	NA	NA	NA	NA	NA	NA	NA	NA	NA	NA	NA	NA	NA	NA	NA	NA	NA	NA	NA	NA	NA	NA	NA	NA	NA	NA	NA	NA	NA	NA	NA	NA	NA	NA	NA
R1	9	4	110646	190744136	0.503670614	1	-0.279910678	2.053033667	1	1	1	NA	NA	NA	NA	NA	NA	NA	NA	NA	NA	NA	NA	NA	NA	NA	NA	NA	NA	NA	NA	NA	NA	NA	NA	NA	NA	NA	NA	NA	NA	NA	NA	NA	NA	NA	NA	NA	NA	NA	NA	NA	NA	NA	NA	NA	NA	NA	NA	NA	NA	NA	NA	NA	NA	NA	NA	NA
R1	10	5	850203	1233937	0.509818057	1	-0.592471187	1.612803719	1	1	1	NA	NA	NA	NA	NA	NA	NA	NA	NA	NA	NA	NA	NA	NA	NA	NA	NA	NA	NA	NA	NA	NA	NA	NA	NA	NA	NA	NA	NA	NA	NA	NA	NA	NA	NA	NA	NA	NA	NA	NA	NA	NA	NA	NA	NA	NA	NA	NA	NA	NA	NA	NA	NA	NA	NA	NA	NA
R1	11	5	1243699	1306796	0.972548119	1	3.56438884	32.2542636	32	1	1	NA	NA	NA	NA	NA	NA	NA	NA	NA	NA	NA	NA	NA	NA	NA	NA	NA	NA	NA	NA	NA	NA	NA	NA	NA	NA	NA	NA	NA	NA	NA	NA	NA	NA	NA	NA	NA	NA	NA	NA	NA	NA	NA	NA	NA	NA	NA	NA	NA	NA	NA	NA	NA	NA	NA	NA	NA
R1	12	5	1307565	97020913	0.503411458	1	-0.290813519	2.036018307	1	1	1	NA	NA	NA	NA	NA	NA	NA	NA	NA	NA	NA	NA	NA	NA	NA	NA	NA	NA	NA	NA	NA	NA	NA	NA	NA	NA	NA	NA	NA	NA	NA	NA	NA	NA	NA	NA	NA	NA	NA	NA	NA	NA	NA	NA	NA	NA	NA	NA	NA	NA	NA	NA	NA	NA	NA	NA	NA
R1	13	5	97068504	97094965	0.986419753	1	-0.345776483	8.150936694	8	0	1	NA	NA	NA	NA	NA	NA	NA	NA	NA	NA	NA	NA	NA	NA	NA	NA	NA	NA	NA	NA	NA	NA	NA	NA	NA	NA	NA	NA	NA	NA	NA	NA	NA	NA	NA	NA	NA	NA	NA	NA	NA	NA	NA	NA	NA	NA	NA	NA	NA	NA	NA	NA	NA	NA	NA	NA	NA
R1	14	5	97097660	156803499	0.502717154	1	-0.291794789	2.0344932	1	1	1	NA	NA	NA	NA	NA	NA	NA	NA	NA	NA	NA	NA	NA	NA	NA	NA	NA	NA	NA	NA	NA	NA	NA	NA	NA	NA	NA	NA	NA	NA	NA	NA	NA	NA	NA	NA	NA	NA	NA	NA	NA	NA	NA	NA	NA	NA	NA	NA	NA	NA	NA	NA	NA	NA	NA	NA	NA
R1	15	5	156874428	156940873	0.965263059	1	3.567364822	32.32129361	31	1	1	NA	NA	NA	NA	NA	NA	NA	NA	NA	NA	NA	NA	NA	NA	NA	NA	NA	NA	NA	NA	NA	NA	NA	NA	NA	NA	NA	NA	NA	NA	NA	NA	NA	NA	NA	NA	NA	NA	NA	NA	NA	NA	NA	NA	NA	NA	NA	NA	NA	NA	NA	NA	NA	NA	NA	NA	NA
R1	16	5	156944199	156970147	0.532764331	0.031836613	-0.380668713	1.900577904	1	0	0.13572806	1	1	0.86427194	0.056193833	0.054197755	0.01682365	0.230291207	1	0	0.56786403	1	2	0.43213597	0.028096916	0.027098877	0.508411825	0.615145604	1	1	0.845236411	2	1	0.154763589	0.073077359	0.070027559	0.707724738	0.982300996	0	1	0.422618206	2	1	0.577381794	0.03653868	0.03501378	0.353862369	0.491150498	1	1	0.922618206	3	1	0.077381794	0.03653868	0.03501378	0.853862369	0.991150498	NA	NA	NA	NA	NA	NA	NA	NA	NA	NA
R1	17	5	156977122	157192202	0.95046629	1	3.022522892	22.0900538	21	1	1	NA	NA	NA	NA	NA	NA	NA	NA	NA	NA	NA	NA	NA	NA	NA	NA	NA	NA	NA	NA	NA	NA	NA	NA	NA	NA	NA	NA	NA	NA	NA	NA	NA	NA	NA	NA	NA	NA	NA	NA	NA	NA	NA	NA	NA	NA	NA	NA	NA	NA	NA	NA	NA	NA	NA	NA	NA
R1	18	5	157193132	157652029	0.507638271	1	-0.362254305	1.927651295	1	1	1	NA	NA	NA	NA	NA	NA	NA	NA	NA	NA	NA	NA	NA	NA	NA	NA	NA	NA	NA	NA	NA	NA	NA	NA	NA	NA	NA	NA	NA	NA	NA	NA	NA	NA	NA	NA	NA	NA	NA	NA	NA	NA	NA	NA	NA	NA	NA	NA	NA	NA	NA	NA	NA	NA	NA	NA	NA
R1	19	5	157655044	157746100	0.95237368	1	3.269991176	26.2623256	25	1	1	NA	NA	NA	NA	NA	NA	NA	NA	NA	NA	NA	NA	NA	NA	NA	NA	NA	NA	NA	NA	NA	NA	NA	NA	NA	NA	NA	NA	NA	NA	NA	NA	NA	NA	NA	NA	NA	NA	NA	NA	NA	NA	NA	NA	NA	NA	NA	NA	NA	NA	NA	NA	NA	NA	NA	NA	NA
R1	20	5	157752000	180742812	0.504092807	1	-0.336758973	1.965710292	1	1	1	NA	NA	NA	NA	NA	NA	NA	NA	NA	NA	NA	NA	NA	NA	NA	NA	NA	NA	NA	NA	NA	NA	NA	NA	NA	NA	NA	NA	NA	NA	NA	NA	NA	NA	NA	NA	NA	NA	NA	NA	NA	NA	NA	NA	NA	NA	NA	NA	NA	NA	NA	NA	NA	NA	NA	NA	NA
R1	21	6	202452	63939795	0.564222976	0	0.393002157	3.396149445	2	1	0.478864648	2	2	0.521135352	0.002023463	0.002060807	0.474779029	0.482823517	2	0	0.239432324	2	2	0.760567676	0.001011732	0.000997028	0.237455126	0.241399528	2	1	0.739432324	2	3	0.260567676	0.001011732	0.001051155	0.73739319	0.74138608	1	1	0.674740804	2	1	0.325259196	0.001779503	0.001832434	0.671128826	0.67836469	0	1	0.337370402	2	1	0.662629598	0.000889751	0.000862013	0.335632132	0.339151905	1	1	0.837370402	3	1	0.162629598	0.000889751	0.000868529	0.835687583	0.839096364
R1	22	6	63940061	64023199	0.938398226	0.000159176	-0.670122644	1.517443833	1	0	0.526811965	2	0	0.473188035	0.101834213	0.099684405	0.31223667	0.700451351	0	0	0.263405983	2	0	0.736594017	0.050917106	0.049842202	0.156118335	0.350225676	1	0	0.763405983	3	0	0.236594017	0.050917106	0.049842202	0.656118335	0.850225676	2	0	0.965417079	2	1	0.034582921	0.008886208	0.008692006	0.948240954	0.981434079	2	0	0.98270854	2	2	0.01729146	0.004443104	0.004407508	0.974093965	0.991493564	NA	NA	NA	NA	NA	NA	NA	NA	NA	NA
R1	23	6	64031083	170921585	0.591492744	0	0.005479394	2.547394121	1	1	0.505700284	2	1	0.494299716	0.001725651	0.001644857	0.502419513	0.50894896	0	1	0.252850142	2	1	0.747149858	0.000862825	0.000870372	0.251126206	0.254493231	1	1	0.752850142	3	1	0.247149858	0.000862825	0.00082468	0.751122973	0.754375988	2	1	0.650744261	2	2	0.349255739	0.001569001	0.001544183	0.64762706	0.653875297	2	0	0.32537213	2	2	0.67462787	0.0007845	0.000796705	0.323908625	0.327025059	2	1	0.82537213	2	3	0.17462787	0.0007845	0.000758072	0.823913285	0.826898806
R1	24	7	80500	159122659	0.568572376	0	0.457133818	3.559932687	2	1	0.507383756	2	2	0.492616244	0.001242011	0.001261306	0.5049007	0.509750888	2	0	0.253691878	2	2	0.746308122	0.000621005	0.000627466	0.252452296	0.254934001	2	1	0.753691878	2	3	0.246308122	0.000621005	0.000627568	0.752500807	0.754974104	2	2	0.331326109	3	2	0.668673891	0.002157153	0.00226384	0.326821238	0.335817224	1	2	0.165663055	3	2	0.834336945	0.001078577	0.001090151	0.163578249	0.167895134	2	2	0.665663055	4	2	0.334336945	0.001078577	0.001049324	0.663733572	0.667678138
R1	25	8	156294	10398194	0.592685673	0	-0.08716555	2.376075584	1	1	0.497788786	2	1	0.502211214	0.004282269	0.004346218	0.489200862	0.506328655	0	1	0.248894393	2	1	0.751105607	0.002141135	0.002164679	0.244645387	0.253188554	1	1	0.748894393	3	1	0.251105607	0.002141135	0.002164679	0.744645387	0.753188554	1	0	0.345137114	1	1	0.654862886	0.002022478	0.002045025	0.341050686	0.349097215	1	0	0.672568557	1	2	0.327431443	0.001011239	0.001022513	0.670525343	0.674548608	NA	NA	NA	NA	NA	NA	NA	NA	NA	NA
R1	26	8	10398812	13262827	0.508212949	1	-0.321683169	1.988533676	1	1	1	NA	NA	NA	NA	NA	NA	NA	NA	NA	NA	NA	NA	NA	NA	NA	NA	NA	NA	NA	NA	NA	NA	NA	NA	NA	NA	NA	NA	NA	NA	NA	NA	NA	NA	NA	NA	NA	NA	NA	NA	NA	NA	NA	NA	NA	NA	NA	NA	NA	NA	NA	NA	NA	NA	NA	NA	NA
R1	27	8	13263660	20483790	0.594107159	0	0.021806516	2.578742991	1	1	0.488300782	2	1	0.511699218	0.00547524	0.005376109	0.476970084	0.498250712	0	1	0.244150391	2	1	0.755849609	0.00273762	0.002688055	0.238485042	0.249125356	1	1	0.744150391	3	1	0.255849609	0.00273762	0.002683639	0.738879992	0.749408353	2	1	0.666393867	2	2	0.333606133	0.004871526	0.005137458	0.656856912	0.676573974	2	0	0.333196933	2	2	0.666803067	0.002435763	0.002568729	0.328428456	0.338286987	2	1	0.833196933	2	3	0.166803067	0.002435763	0.002568729	0.828428456	0.838286987
R1	28	8	20512857	29836592	0.503348454	1	-0.321688889	1.988524972	1	1	1	NA	NA	NA	NA	NA	NA	NA	NA	NA	NA	NA	NA	NA	NA	NA	NA	NA	NA	NA	NA	NA	NA	NA	NA	NA	NA	NA	NA	NA	NA	NA	NA	NA	NA	NA	NA	NA	NA	NA	NA	NA	NA	NA	NA	NA	NA	NA	NA	NA	NA	NA	NA	NA	NA	NA	NA	NA
R1	29	8	29837234	48413486	0.591136076	0	-0.025066463	2.489688876	1	1	0.508056739	2	1	0.491943261	0.004756681	0.004683581	0.498654107	0.517146777	0	1	0.25402837	2	1	0.74597163	0.00237834	0.002341791	0.249327054	0.258573389	1	1	0.75402837	3	1	0.24597163	0.00237834	0.002314771	0.749308086	0.758626303	1	0	0.340256432	1	1	0.659743568	0.002275548	0.002215222	0.335788021	0.344629656	1	0	0.670128216	1	2	0.329871784	0.001137774	0.001107611	0.66789401	0.672314828	NA	NA	NA	NA	NA	NA	NA	NA	NA	NA
R1	30	8	48414265	92397142	0.502799701	1	-0.265231296	2.076146896	1	1	1	NA	NA	NA	NA	NA	NA	NA	NA	NA	NA	NA	NA	NA	NA	NA	NA	NA	NA	NA	NA	NA	NA	NA	NA	NA	NA	NA	NA	NA	NA	NA	NA	NA	NA	NA	NA	NA	NA	NA	NA	NA	NA	NA	NA	NA	NA	NA	NA	NA	NA	NA	NA	NA	NA	NA	NA	NA
R1	31	8	92398290	94567557	0.590541875	3.50E-122	0.047581297	2.628959633	1	1	0.511973421	2	1	0.488026579	0.015068139	0.014974477	0.482319696	0.541453533	0	1	0.25598671	2	1	0.74401329	0.00753407	0.007487238	0.241159848	0.270726766	1	1	0.75598671	3	1	0.24401329	0.00753407	0.007487238	0.741159848	0.770726766	2	1	0.6450181	2	2	0.3549819	0.013808287	0.013718434	0.617570408	0.672650362	2	0	0.32250905	2	2	0.67749095	0.006904143	0.006859217	0.308785204	0.336325181	2	1	0.82250905	2	3	0.17749095	0.006904143	0.006859217	0.808785204	0.836325181
R1	32	8	94570988	121059203	0.658303348	1	0.28409747	3.134170535	2	1	1	NA	NA	NA	NA	NA	NA	NA	NA	NA	NA	NA	NA	NA	NA	NA	NA	NA	NA	NA	NA	NA	NA	NA	NA	NA	NA	NA	NA	NA	NA	NA	NA	NA	NA	NA	NA	NA	NA	NA	NA	NA	NA	NA	NA	NA	NA	NA	NA	NA	NA	NA	NA	NA	NA	NA	NA	NA
R1	33	8	121174837	123646183	0.586609232	1.84E-195	-0.004201258	2.528973647	1	1	0.537611632	2	1	0.462388368	0.012338171	0.012241266	0.513571696	0.560855802	0	1	0.268805816	2	1	0.731194184	0.006169086	0.006120633	0.256785848	0.280427901	1	1	0.768805816	3	1	0.231194184	0.006169086	0.006120633	0.756785848	0.780427901	2	1	0.621138447	2	2	0.378861553	0.01167991	0.011577416	0.598677464	0.643510318	2	0	0.310569223	2	2	0.689430777	0.005839955	0.005788708	0.299338732	0.321755159	2	1	0.810569223	2	3	0.189430777	0.005839955	0.005788708	0.799338732	0.821755159
R1	34	8	123646965	127323591	0.665079618	1	0.256845247	3.071648747	2	1	1	NA	NA	NA	NA	NA	NA	NA	NA	NA	NA	NA	NA	NA	NA	NA	NA	NA	NA	NA	NA	NA	NA	NA	NA	NA	NA	NA	NA	NA	NA	NA	NA	NA	NA	NA	NA	NA	NA	NA	NA	NA	NA	NA	NA	NA	NA	NA	NA	NA	NA	NA	NA	NA	NA	NA	NA	NA
R1	35	8	127404946	128091418	0.59415644	4.52E-43	-0.020184034	2.498830604	1	1	0.487970652	2	1	0.512029348	0.025259578	0.025186767	0.441539369	0.540467732	0	1	0.243985326	2	1	0.756014674	0.012629789	0.012593383	0.220769685	0.270233866	1	1	0.743985326	3	1	0.256014674	0.012629789	0.012593383	0.720769685	0.770233866	1	0	0.349745958	1	1	0.650254042	0.011784789	0.011767508	0.324425128	0.370765398	1	0	0.674872979	1	2	0.325127021	0.005892394	0.005883754	0.662212564	0.685382699	NA	NA	NA	NA	NA	NA	NA	NA	NA	NA
R1	36	8	128172028	134955564	0.502035796	1	-0.339286588	1.961907007	1	1	1	NA	NA	NA	NA	NA	NA	NA	NA	NA	NA	NA	NA	NA	NA	NA	NA	NA	NA	NA	NA	NA	NA	NA	NA	NA	NA	NA	NA	NA	NA	NA	NA	NA	NA	NA	NA	NA	NA	NA	NA	NA	NA	NA	NA	NA	NA	NA	NA	NA	NA	NA	NA	NA	NA	NA	NA	NA
R1	37	8	134955803	139251963	0.59419635	0	-0.03193239	2.476885532	1	1	0.487703243	2	1	0.512296757	0.008738689	0.008607867	0.470901548	0.504011388	0	1	0.243851621	2	1	0.756148379	0.004369344	0.004303934	0.235450774	0.252005694	1	1	0.743851621	3	1	0.256148379	0.004369344	0.004303934	0.735450774	0.752005694	1	0	0.349870703	1	1	0.650129297	0.004075828	0.00401281	0.342176471	0.357620696	1	0	0.674935351	1	2	0.325064649	0.002037914	0.002006405	0.671088236	0.678810348	NA	NA	NA	NA	NA	NA	NA	NA	NA	NA
R1	38	8	139255690	144966958	0.50513317	1	-0.380059128	1.901468614	1	1	1	NA	NA	NA	NA	NA	NA	NA	NA	NA	NA	NA	NA	NA	NA	NA	NA	NA	NA	NA	NA	NA	NA	NA	NA	NA	NA	NA	NA	NA	NA	NA	NA	NA	NA	NA	NA	NA	NA	NA	NA	NA	NA	NA	NA	NA	NA	NA	NA	NA	NA	NA	NA	NA	NA	NA	NA	NA
R1	39	8	144967119	146300622	0.58696728	5.17E-57	-0.064413017	2.417135912	1	1	0.535297599	2	1	0.464702401	0.023943703	0.023120466	0.490772104	0.582365765	0	1	0.267648799	2	1	0.732351201	0.011971852	0.011560233	0.245386052	0.291182883	1	1	0.767648799	3	1	0.232351201	0.011971852	0.011560233	0.745386052	0.791182883	1	0	0.326998289	1	1	0.673001711	0.011855363	0.011483922	0.302713438	0.348388008	1	0	0.663499145	1	2	0.336500855	0.005927681	0.005741961	0.651356719	0.674194004	NA	NA	NA	NA	NA	NA	NA	NA	NA	NA
R1	40	9	203937	45111600	0.647436338	0	-0.683148685	1.501943919	1	0	0.502586649	1	1	0.497413351	0.001324603	0.001324215	0.499957101	0.505116619	1	0	0.751293324	1	2	0.248706676	0.000662302	0.000682346	0.75002504	0.752656456	1	1	0.077066374	2	1	0.922933626	0.004466892	0.004590809	0.068138687	0.08605007	0	1	0.038533187	2	1	0.961466813	0.002233446	0.002295405	0.034069344	0.043025035	1	1	0.538533187	3	1	0.461466813	0.002233446	0.002227143	0.534222961	0.543037184	NA	NA	NA	NA	NA	NA	NA	NA	NA	NA
R1	41	9	71071312	141063525	0.503421265	1	-0.342430849	1.957185148	1	1	1	NA	NA	NA	NA	NA	NA	NA	NA	NA	NA	NA	NA	NA	NA	NA	NA	NA	NA	NA	NA	NA	NA	NA	NA	NA	NA	NA	NA	NA	NA	NA	NA	NA	NA	NA	NA	NA	NA	NA	NA	NA	NA	NA	NA	NA	NA	NA	NA	NA	NA	NA	NA	NA	NA	NA	NA	NA
R1	42	10	92066	135235890	0.504097661	1	-0.325259166	1.983098349	1	1	1	NA	NA	NA	NA	NA	NA	NA	NA	NA	NA	NA	NA	NA	NA	NA	NA	NA	NA	NA	NA	NA	NA	NA	NA	NA	NA	NA	NA	NA	NA	NA	NA	NA	NA	NA	NA	NA	NA	NA	NA	NA	NA	NA	NA	NA	NA	NA	NA	NA	NA	NA	NA	NA	NA	NA	NA	NA
R1	43	11	196944	134946381	0.590259686	0	-0.0148065	2.508935221	1	1	0.513829497	2	1	0.486170503	0.001569383	0.001556823	0.510758471	0.516916942	0	1	0.256914749	2	1	0.743085251	0.000784691	0.000752777	0.255495492	0.258395876	1	1	0.756914749	3	1	0.243085251	0.000784691	0.000807183	0.755361577	0.758476598	2	1	0.643315197	2	2	0.356684803	0.00144155	0.001422754	0.640739146	0.646233068	2	0	0.321657599	2	2	0.678342401	0.000720775	0.000717242	0.320246189	0.323090612	2	1	0.821657599	2	3	0.178342401	0.000720775	0.000728531	0.820298546	0.823109329
R1	44	12	202094	133831319	0.655908665	1	0.224968309	3	2	1	1	NA	NA	NA	NA	NA	NA	NA	NA	NA	NA	NA	NA	NA	NA	NA	NA	NA	NA	NA	NA	NA	NA	NA	NA	NA	NA	NA	NA	NA	NA	NA	NA	NA	NA	NA	NA	NA	NA	NA	NA	NA	NA	NA	NA	NA	NA	NA	NA	NA	NA	NA	NA	NA	NA	NA	NA	NA
R1	45	13	19455957	114989973	0.503572193	1	-0.307494224	2.010233402	1	1	1	NA	NA	NA	NA	NA	NA	NA	NA	NA	NA	NA	NA	NA	NA	NA	NA	NA	NA	NA	NA	NA	NA	NA	NA	NA	NA	NA	NA	NA	NA	NA	NA	NA	NA	NA	NA	NA	NA	NA	NA	NA	NA	NA	NA	NA	NA	NA	NA	NA	NA	NA	NA	NA	NA	NA	NA	NA
R1	46	14	20433516	107227228	0.591634473	0	-0.000786696	2.535456815	1	1	0.504762754	2	1	0.495237246	0.002035929	0.00203177	0.500973778	0.508947124	0	1	0.252381377	2	1	0.747618623	0.001017965	0.000971611	0.250471429	0.254283213	1	1	0.752381377	3	1	0.247618623	0.001017965	0.001035554	0.750373607	0.754488487	2	1	0.651596185	2	2	0.348403815	0.001848943	0.001810518	0.648042081	0.655025997	2	0	0.325798092	2	2	0.674201908	0.000924471	0.000943413	0.32388355	0.327620741	2	1	0.825798092	2	3	0.174201908	0.000924471	0.00092545	0.824120557	0.827716832
R1	47	15	20001861	102403326	0.651998673	1	0.169738656	2.879548794	2	1	1	NA	NA	NA	NA	NA	NA	NA	NA	NA	NA	NA	NA	NA	NA	NA	NA	NA	NA	NA	NA	NA	NA	NA	NA	NA	NA	NA	NA	NA	NA	NA	NA	NA	NA	NA	NA	NA	NA	NA	NA	NA	NA	NA	NA	NA	NA	NA	NA	NA	NA	NA	NA	NA	NA	NA	NA	NA
R1	48	16	84170	71749267	0.503988903	1	-0.384176175	1.895460196	1	1	1	NA	NA	NA	NA	NA	NA	NA	NA	NA	NA	NA	NA	NA	NA	NA	NA	NA	NA	NA	NA	NA	NA	NA	NA	NA	NA	NA	NA	NA	NA	NA	NA	NA	NA	NA	NA	NA	NA	NA	NA	NA	NA	NA	NA	NA	NA	NA	NA	NA	NA	NA	NA	NA	NA	NA	NA	NA
R1	49	16	71750825	75838596	0.551597585	4.17E-243	-0.163092111	2.243647736	1	1	0.746040237	2	1	0.253959763	0.007505141	0.007204418	0.732193214	0.759544413	0	1	0.373020119	2	1	0.626979881	0.003752571	0.003602209	0.366096607	0.379772206	1	1	0.873020119	3	1	0.126979881	0.003752571	0.003602209	0.866096607	0.879772206	1	0	0.206447915	1	1	0.793552085	0.004959623	0.004759773	0.19732327	0.215282196	1	0	0.603223957	1	2	0.396776043	0.002479812	0.002379886	0.598661635	0.607641098	NA	NA	NA	NA	NA	NA	NA	NA	NA	NA
R1	50	16	75858941	89998794	0.50375005	1	-0.37795811	1.904541454	1	1	1	NA	NA	NA	NA	NA	NA	NA	NA	NA	NA	NA	NA	NA	NA	NA	NA	NA	NA	NA	NA	NA	NA	NA	NA	NA	NA	NA	NA	NA	NA	NA	NA	NA	NA	NA	NA	NA	NA	NA	NA	NA	NA	NA	NA	NA	NA	NA	NA	NA	NA	NA	NA	NA	NA	NA	NA	NA
R1	51	17	2041	21468871	0.654751083	1	0.118816999	2.772505361	2	1	1	NA	NA	NA	NA	NA	NA	NA	NA	NA	NA	NA	NA	NA	NA	NA	NA	NA	NA	NA	NA	NA	NA	NA	NA	NA	NA	NA	NA	NA	NA	NA	NA	NA	NA	NA	NA	NA	NA	NA	NA	NA	NA	NA	NA	NA	NA	NA	NA	NA	NA	NA	NA	NA	NA	NA	NA	NA
R1	52	17	21532190	79998834	0.567705086	0	0.403479865	3.422412955	2	1	0.501731799	2	2	0.498268201	0.00218721	0.002183121	0.497399173	0.506193676	2	0	0.250865899	2	2	0.749134101	0.001093605	0.00109613	0.248602356	0.252888974	2	1	0.750865899	2	3	0.249134101	0.001093605	0.00109613	0.748602356	0.752888974	1	1	0.654343559	2	1	0.345656441	0.00197882	0.00203009	0.650445779	0.658199949	0	1	0.327171779	2	1	0.672828221	0.00098941	0.000993263	0.325170449	0.329120847	1	1	0.827171779	3	1	0.172828221	0.00098941	0.000980382	0.825179885	0.829136287
R1	53	18	125371	78012463	0.618955427	0	-0.105279901	2.343845405	1	1	0.311011516	2	1	0.688988484	0.00231193	0.002338368	0.306679092	0.315869107	0	1	0.155505758	2	1	0.844494242	0.001155965	0.0011551	0.153257144	0.157661099	1	1	0.655505758	3	1	0.344494242	0.001155965	0.001169657	0.653282428	0.657819453	1	0	0.424158689	1	1	0.575841311	0.000876208	0.000891244	0.422468943	0.425912763	1	0	0.712079345	1	2	0.287920655	0.000438104	0.000433525	0.711241116	0.712935561	NA	NA	NA	NA	NA	NA	NA	NA	NA	NA
R1	54	19	158847	20251337	0.506118149	1	-0.463796467	1.782571805	1	1	1	NA	NA	NA	NA	NA	NA	NA	NA	NA	NA	NA	NA	NA	NA	NA	NA	NA	NA	NA	NA	NA	NA	NA	NA	NA	NA	NA	NA	NA	NA	NA	NA	NA	NA	NA	NA	NA	NA	NA	NA	NA	NA	NA	NA	NA	NA	NA	NA	NA	NA	NA	NA	NA	NA	NA	NA	NA
R1	55	19	20262323	20824066	0.911557102	1	2.303786722	13.34134546	12	1	1	NA	NA	NA	NA	NA	NA	NA	NA	NA	NA	NA	NA	NA	NA	NA	NA	NA	NA	NA	NA	NA	NA	NA	NA	NA	NA	NA	NA	NA	NA	NA	NA	NA	NA	NA	NA	NA	NA	NA	NA	NA	NA	NA	NA	NA	NA	NA	NA	NA	NA	NA	NA	NA	NA	NA	NA	NA
R1	56	19	20892161	37876657	0.503339605	1	-0.371021267	1.914718756	1	1	1	NA	NA	NA	NA	NA	NA	NA	NA	NA	NA	NA	NA	NA	NA	NA	NA	NA	NA	NA	NA	NA	NA	NA	NA	NA	NA	NA	NA	NA	NA	NA	NA	NA	NA	NA	NA	NA	NA	NA	NA	NA	NA	NA	NA	NA	NA	NA	NA	NA	NA	NA	NA	NA	NA	NA	NA	NA
R1	57	19	37906500	38179212	0.904168108	0.075285767	2.378606289	14.06251478	13	1	1	NA	NA	NA	NA	NA	NA	NA	NA	NA	NA	NA	NA	NA	NA	NA	NA	NA	NA	NA	NA	NA	NA	NA	NA	NA	NA	NA	NA	NA	NA	NA	NA	NA	NA	NA	NA	NA	NA	NA	NA	NA	NA	NA	NA	NA	NA	NA	NA	NA	NA	NA	NA	NA	NA	NA	NA	NA
R1	58	19	38180680	43851272	0.502827613	1	-0.409394723	1.85902809	1	1	1	NA	NA	NA	NA	NA	NA	NA	NA	NA	NA	NA	NA	NA	NA	NA	NA	NA	NA	NA	NA	NA	NA	NA	NA	NA	NA	NA	NA	NA	NA	NA	NA	NA	NA	NA	NA	NA	NA	NA	NA	NA	NA	NA	NA	NA	NA	NA	NA	NA	NA	NA	NA	NA	NA	NA	NA	NA
R1	59	19	43852065	46396741	0.618977198	0	-0.438947517	1.817137072	1	0	0.424221397	1	1	0.575778603	0.005575521	0.005590408	0.413166742	0.435465282	1	0	0.712110698	1	2	0.287889302	0.00278776	0.002795204	0.706583371	0.717732641	1	1	0.310846044	2	1	0.689153956	0.014714306	0.014765423	0.28046285	0.339319087	0	1	0.155423022	2	1	0.844576978	0.007357153	0.007382712	0.140231425	0.169659544	1	1	0.655423022	3	1	0.344576978	0.007357153	0.007382712	0.640231425	0.669659544	NA	NA	NA	NA	NA	NA	NA	NA	NA	NA
R1	60	19	46397237	46949371	0.939071257	1.92E-17	2.275060197	13.07424269	13	0	0.25332254	13	1	0.74667746	0.026531079	0.026889405	0.199813672	0.30860107	13	0	0.62666127	13	2	0.37333873	0.01326554	0.013444703	0.599906836	0.654300535	12	0	0.318204457	12	1	0.681795543	0.024506347	0.024837328	0.268779143	0.369264379	12	0	0.659102228	12	2	0.340897772	0.012253174	0.012418664	0.634389571	0.68463219	NA	NA	NA	NA	NA	NA	NA	NA	NA	NA	NA	NA	NA	NA	NA	NA	NA	NA	NA	NA
R1	61	19	46952606	50001170	0.617373086	0	-0.422993134	1.839645762	1	0	0.419589213	1	1	0.580410787	0.004755215	0.00476402	0.409953758	0.428758589	1	0	0.709794607	1	2	0.290205393	0.002377608	0.00238201	0.704976879	0.714379294	1	1	0.322987803	2	1	0.677012197	0.012379967	0.012395607	0.298621284	0.347183323	0	1	0.161493902	2	1	0.838506098	0.006189983	0.006197804	0.149310642	0.173591661	1	1	0.661493902	3	1	0.338506098	0.006189983	0.006197804	0.649310642	0.673591661	NA	NA	NA	NA	NA	NA	NA	NA	NA	NA
R1	62	19	50036634	50128543	0.966053725	1	3.200869434	25.02404011	25	1	1	NA	NA	NA	NA	NA	NA	NA	NA	NA	NA	NA	NA	NA	NA	NA	NA	NA	NA	NA	NA	NA	NA	NA	NA	NA	NA	NA	NA	NA	NA	NA	NA	NA	NA	NA	NA	NA	NA	NA	NA	NA	NA	NA	NA	NA	NA	NA	NA	NA	NA	NA	NA	NA	NA	NA	NA	NA
R1	63	19	50132011	50169020	0.587338878	3.78E-08	-0.291681492	2.034669236	1	1	0.53289175	2	1	0.46710825	0.058685525	0.05526777	0.424075036	0.643508025	0	1	0.266445875	2	1	0.733554125	0.029342763	0.027633885	0.212037518	0.321754012	1	1	0.766445875	3	1	0.233554125	0.029342763	0.027633885	0.712037518	0.821754012	1	0	0.328187732	1	1	0.671812268	0.028962414	0.027482733	0.268333885	0.377944567	1	0	0.664093866	1	2	0.335906134	0.014481207	0.013741366	0.634166942	0.688972284	NA	NA	NA	NA	NA	NA	NA	NA	NA	NA
R1	64	19	50176786	50353720	0.931914929	9.16E-24	2.151571062	11.98471388	11	0	0.292288545	11	1	0.707711455	0.017299051	0.016512197	0.260015554	0.324126872	11	0	0.646144272	11	2	0.353855728	0.008649525	0.008256098	0.630007777	0.662063436	12	0	0.219229224	12	1	0.780770776	0.018857032	0.017999313	0.184049674	0.253934964	12	0	0.609614612	12	2	0.390385388	0.009428516	0.008999656	0.592024837	0.626967482	NA	NA	NA	NA	NA	NA	NA	NA	NA	NA	NA	NA	NA	NA	NA	NA	NA	NA	NA	NA
R1	65	19	50359520	54142851	0.615558751	0	-0.393340639	1.882146984	1	0	0.414320874	1	1	0.585679126	0.00418047	0.004151651	0.406247553	0.422543476	1	0	0.707160437	1	2	0.292839563	0.002090235	0.002075826	0.703123776	0.711271738	1	1	0.336598658	2	1	0.663401342	0.010717855	0.010649251	0.315209297	0.356892207	0	1	0.168299329	2	1	0.831700671	0.005358928	0.005324625	0.157604649	0.178446103	1	1	0.668299329	3	1	0.331700671	0.005358928	0.005324625	0.657604649	0.678446103	NA	NA	NA	NA	NA	NA	NA	NA	NA	NA
R1	66	19	54143430	54544613	0.960343918	1	3.019539208	22.04398818	22	1	1	NA	NA	NA	NA	NA	NA	NA	NA	NA	NA	NA	NA	NA	NA	NA	NA	NA	NA	NA	NA	NA	NA	NA	NA	NA	NA	NA	NA	NA	NA	NA	NA	NA	NA	NA	NA	NA	NA	NA	NA	NA	NA	NA	NA	NA	NA	NA	NA	NA	NA	NA	NA	NA	NA	NA	NA	NA
R1	67	19	54568259	54916601	0.628386141	3.85E-77	-0.452988935	1.797532116	1	0	0.450915362	1	1	0.549084638	0.013981065	0.01428103	0.422457297	0.478598735	1	0	0.725457681	1	2	0.274542319	0.006990532	0.007140515	0.711228649	0.739299367	1	1	0.237517767	2	1	0.762482233	0.039981661	0.040928558	0.153737333	0.315486735	0	1	0.118758883	2	1	0.881241117	0.01999083	0.020464279	0.076868666	0.157743367	1	1	0.618758883	3	1	0.381241117	0.01999083	0.020464279	0.576868666	0.657743367	NA	NA	NA	NA	NA	NA	NA	NA	NA	NA
R1	68	19	54918919	55012392	0.968099525	1	3.325347665	27.29769564	27	1	1	NA	NA	NA	NA	NA	NA	NA	NA	NA	NA	NA	NA	NA	NA	NA	NA	NA	NA	NA	NA	NA	NA	NA	NA	NA	NA	NA	NA	NA	NA	NA	NA	NA	NA	NA	NA	NA	NA	NA	NA	NA	NA	NA	NA	NA	NA	NA	NA	NA	NA	NA	NA	NA	NA	NA	NA	NA
R1	69	19	55029367	55086169	0.645923226	2.47E-17	-0.467855279	1.776982285	1	0	0.49859395	1	1	0.50140605	0.028091862	0.027329681	0.439852798	0.546565499	1	0	0.749296975	1	2	0.250703025	0.014045931	0.013664841	0.719926399	0.77328275	1	1	0.090441859	2	1	0.909558141	0.093545051	0.090509289	-0.083168789	0.268102447	0	1	0.04522093	2	1	0.95477907	0.046772525	0.045254645	-0.041584394	0.134051223	1	1	0.54522093	3	1	0.45477907	0.046772525	0.045254645	0.458415606	0.634051223	NA	NA	NA	NA	NA	NA	NA	NA	NA	NA
R1	70	19	55088977	55197855	0.961009952	5.32E-08	2.885649253	20.07190028	20	0	0.287864595	20	1	0.712135405	0.049586582	0.05093545	0.178004258	0.381832757	20	0	0.643932298	20	2	0.356067702	0.024793291	0.025467725	0.589002129	0.690916379	19	0	0.328436546	19	1	0.671563454	0.047120018	0.04840179	0.224040945	0.41773049	19	0	0.664218273	19	2	0.335781727	0.023560009	0.024200895	0.612020472	0.708865245	NA	NA	NA	NA	NA	NA	NA	NA	NA	NA	NA	NA	NA	NA	NA	NA	NA	NA	NA	NA
R1	71	19	55198362	59097308	0.617704601	0	-0.47020024	1.773760124	1	0	0.420548498	1	1	0.579451502	0.00438293	0.004428354	0.411413236	0.42909886	1	0	0.710274249	1	2	0.289725751	0.002191465	0.002214177	0.705706618	0.71454943	1	1	0.320486873	2	1	0.679513127	0.011442799	0.011556801	0.297879024	0.343928638	0	1	0.160243436	2	1	0.839756564	0.0057214	0.0057784	0.148939512	0.171964319	1	1	0.660243436	3	1	0.339756564	0.0057214	0.0057784	0.648939512	0.671964319	NA	NA	NA	NA	NA	NA	NA	NA	NA	NA
R1	72	20	20043815	62918861	0.652596167	1	0.156841593	2.852079309	2	1	1	NA	NA	NA	NA	NA	NA	NA	NA	NA	NA	NA	NA	NA	NA	NA	NA	NA	NA	NA	NA	NA	NA	NA	NA	NA	NA	NA	NA	NA	NA	NA	NA	NA	NA	NA	NA	NA	NA	NA	NA	NA	NA	NA	NA	NA	NA	NA	NA	NA	NA	NA	NA	NA	NA	NA	NA	NA
R1	73	21	15273744	48088617	0.592886746	0	-0.071775254	2.403778728	1	1	0.496450708	2	1	0.503549292	0.00292126	0.002947158	0.490471342	0.502056126	0	1	0.248225354	2	1	0.751774646	0.00146063	0.001438882	0.24544966	0.251031743	1	1	0.748225354	3	1	0.251774646	0.00146063	0.001438882	0.74544966	0.751031743	1	0	0.345768551	1	1	0.654231449	0.00137739	0.001405255	0.342931103	0.348261182	1	0	0.672884275	1	2	0.327115725	0.000688695	0.000721909	0.671486263	0.674312831	NA	NA	NA	NA	NA	NA	NA	NA	NA	NA
R1	74	22	16566779	49998118	0.656226064	1	0.15755428	2.853590861	2	1	1	NA	NA	NA	NA	NA	NA	NA	NA	NA	NA	NA	NA	NA	NA	NA	NA	NA	NA	NA	NA	NA	NA	NA	NA	NA	NA	NA	NA	NA	NA	NA	NA	NA	NA	NA	NA	NA	NA	NA	NA	NA	NA	NA	NA	NA	NA	NA	NA	NA	NA	NA	NA	NA	NA	NA	NA	NA
