cluster	A_SBS18	B_SBS38	C_SBS40	D_TMZ	E_SBS31	F_SBS35
1	2.19584694859146	31.2169709679886	174.467278858188	0	0	0
2	18.2671046046903	58.1512735278403	143.911201782244	0	8.86522248714842	0
3	0	8.49429740669629	42.0096852018844	0	0	0
4	223.222537839897	174.384018266502	1034.06098519001	0	0	0
5	35.3228480958927	53.4428383179154	258.146936968116	0	0	0
6	26.4345065004368	15.9902990606994	313.315319970531	0	7.2886665556067	3.20232980753204
7	43.027559965776	25.3712152149307	233.023724004158	0	0	0
8	61.927627932296	22.2937508534717	212.793421063514	0	0	0
9	96.679989892164	88.2882354997477	771.859256855091	0	0	0
