cluster	A_SBS18	B_SBS38	C_SBS40	D_TMZ	E_SBS31	F_SBS35
1	0	421.549631891053	2193.16598347852	155.989054662601	0	0
2	9.32980188237179	23.4433027397493	126.570658559832	3.89642526210975	0	0
3	16.3979120311863	39.2707987570195	107.926303084531	11.2838545041231	0	0
4	17.1471994346732	103.649324099804	360.723994400751	0	0	0
5	44.158277723143	49.9825991006714	544.890671809895	0	0	0
6	0.141045287654967	25.0822289242669	115.849309493284	0	0	0
7	10.7956310869965	67.5834584022043	212.020508513898	50.2108815833741	0	0
8	17.4197226132991	0	215.115208603159	0	0	0
9	22.4639994113021	44.0490640307342	322.124770760284	0	0	0
