sample	A_SBS18	B_SBS38	C_SBS40	D_TMZ	E_SBS31	F_SBS35
E-H-131201-T1-1-D1-1	749.540955723538	1271.64758638563	920.615466858026	0	0	0
E-H-131202-T1-1-D1-1	183.061313419319	350.628278272928	946.225425208062	0	0	0
E-H-131203-T1-1-D1-1	219.926786497352	280.881140607852	1488.85133343617	0	0	0
E-H-131204-T1-1-D1-1	102.969602052863	67.5497913608753	233.42595225819	0	0	0
E-H-131205-T1-1-D1-1	2105.70753230995	0	457.615898004295	0	0	0
E-H-131206-T1-1-D1-1	746.58963128514	463.180848610441	2175.09984052812	0	0	0
E-H-131207-T1-1-D1-1	3931.49203969226	1284.01078454052	0	0	0	0
E-H-131208-T1-1-D1-1	1963.83378187426	2001.97919519181	0	0	0	0
E-H-131209-T1-1-D1-1	205.218015225243	62.7331761139724	370.632119419017	0	0	0
E-H-131210-T1-1-D1-1	47.3928108324853	82.4546349308208	331.972050023778	0	0	0
E-H-131211-T1-1-D1-1	2207.39020233463	627.746972475714	1567.57797870516	0	0	0
E-H-131212-T1-1-D1-1	4995.69595277768	0	3454.72523849007	0	0	0
E-H-131213-T1-1-D1-1	582.121437657915	67.3699577364861	787.83203699113	0	0	0
E-H-131214-T1-1-D1-1	1524.84795394665	0	933.134017210524	0	0	0
E-H-131215-T1-1-D1-1	216.283938213084	406.505171214083	1747.86791956154	0	0	0
E-H-131216-T1-1-D1-1	713.680237446517	261.183857371771	673.192586434071	0	0	0
E-H-131217-T1-1-D1-1	117.209180224088	135.349727958552	437.664526379469	0	0	0
E-H-131218-T1-1-D1-1	8.71663697708983	44.7353806046592	588.266123728704	0	0	0
E-H-131220-T1-1-D1-1	519.305853875867	280.803029831336	1785.39613552255	0	0	0
E-H-131221-T1-1-D1-1	149.344725230132	536.979807860353	712.514948637288	0	0	0
E-H-131222-T1-1-D1-1	0	411.077981264263	2212.57000889295	0	0	0
E-H-131223-T1-1-D1-1	45.638866036722	5.91630459905437	145.865303835343	0	0	0
E-H-131224-T1-1-D1-1	1178.18744295637	430.718205879065	0	0	0	0
E-H-131225-T1-1-D1-1	266.828650468155	236.955048028957	1190.4514356242	0	0	0
E-H-131226-T1-1-D1-1	954.824823236108	400.198093991016	243.510560607789	0	0	0
E-H-131227-T1-1-D1-1	0	361.528825009547	2877.60515163126	0	0	0
E-H-131228-T1-1-D1-1	96.114918036526	346.30948570997	3268.8832879765	0	0	379.97300917016
E-H-131229-T1-1-D1-1	374.33637294449	133.27074773975	497.63300646684	0	0	0
E-H-131230-T1-1-D1-1	454.963091830485	392.555653653978	2072.97394742703	0	0	0
E-H-131231-T1-1-D1-1	1332.47885561186	385.728549484036	1953.97778562409	0	0	0
E-H-131232-T1-1-D1-1	46.4667508395761	77.7492124975422	325.597294961356	0	0	0
E-H-131233-T1-1-D1-1	1525.02943523601	364.651954008396	2136.08740602862	0	0	0
E-H-131234-T1-1-D1-1	118.352281339867	244.002096737536	1127.66816838926	0	0	0
E-H-131235-T1-1-D1-1	0	697.457217352018	3090.97491278877	218.094220675911	0	0
E-H-131236-T1-1-D1-1	257.745091248277	185.34602503675	1365.48918247352	0	0	0
E-H-131237-T1-1-D1-1	97.513080752137	154.954199770628	1042.61246182465	0	0	0
E-H-131238-T1-1-D1-1	231.534000145129	337.714646496661	986.967696077844	0	0	0
E-H-131239-T1-1-D1-1	2636.89254115599	378.943230860381	2277.31801228161	0	0	0
E-H-131240-T1-1-D1-1	149.118995363368	717.785292572914	580.197280481461	0	0	0
I-H-103207-T2-1-D1-1	206.252698852296	83.035249629027	295.999733535675	0	0	0
I-H-103207-T3-1-D1-1	289.208218056227	104.974409187819	726.357645466416	221.765107532029	0	0
I-H-103207-T4-1-D1-1	626.683811798225	307.634236296534	1798.25659663626	1289.73946030784	803.091290694922	0
I-H-103207-T5-1-D1-1	511.050056777154	389.121103806174	1765.4162964227	2098.69447782092	423.521225610694	1001.03989016918
I-H-103207-T6-1-D1-1	513.73276527392	499.082300605641	1872.89385579953	2885.39598940917	377.68246083654	1106.66256159064
I-H-103207-T8-1-D1-1	268.960230182824	266.680559361062	1249.39580885256	1593.47085410497	0	964.75667590167
I-H-103207-T9-1-D1-1	160.979768883758	27.5967740698438	222.761200628919	0	0	0
I-H-108303-T1-1-D1-1	708.906340736217	158.806703211757	350.632316229615	0	0	0
I-H-108305-T1-1-D1-1	1298.92676173305	1128.68828784227	7022.51664803797	1458.88962873863	0	1402.1349302648
I-H-108306-T1-1-D1-1	577.734284368358	428.545716106408	2778.59648467537	0	0	0
I-H-108313-T1-1-D1-1	0	0	11366.6480589166	2189.56334834474	0	9010.37994029448
I-H-108315-T1-1-D1-1	32.7935735968369	203.581020940382	146.653303510806	0	0	0
I-H-108324-T1-1-D1-1	497.822670788332	792.471492282136	3107.26666584827	0	0	723.134569713119
I-H-108327-T1-1-D1-1	361.530936873801	527.539278115022	2592.83066379832	0	0	0
I-H-108329-T1-1-D1-1	42.6463813642039	189.53127822169	512.496667049806	0	0	0
I-H-112908-T1-1-D1-1	696.294809794866	730.759671716941	2369.02929093268	0	0	0
I-H-112908-T2-1-D1-1	1333.27742723725	1144.15885187896	3746.39234689567	0	0	0
I-H-112909-T1-1-D1-1	2381.32296442345	1529.43197038668	0	0	0	0
I-H-112909-T2-1-D1-1	921.99850230333	989.693907490005	3112.71998217285	4001.17325261425	0	0
I-H-112910-T1-1-D1-1	83.9852896630105	530.2956262583	0	0	0	83.0823572688638
I-H-112910-T2-1-D1-1	478.50982818254	955.634727165722	2025.62084427183	0	0	0
I-H-116984-T1-1-D1-1	553.576881681678	156.555046646767	770.365737137486	0	305.680827999697	0
I-H-116984-T2-1-D1-1	610.557568924498	208.531408613972	713.518894195378	0	0	0
I-H-116985-T1-1-D1-1	460.570877784725	0	585.419622221729	0	0	0
I-H-116985-T2-1-D1-1	845.572537291996	195.663607656795	731.903449630366	0	0	0
I-H-116986-T1-1-D1-1	512.724107076977	0	1286.80961200349	0	196.685207614404	729.832707411444
I-H-116986-T2-1-D1-1	429.03916150643	192.858025184738	1357.77562590164	0	378.850050083215	438.136716611032
I-H-116987-T1-1-D1-1	233.951836750526	285.99180607234	1524.20055158373	0	0	0
I-H-116987-T2-1-D1-1	239.737799408942	287.294324127996	1530.70908618223	0	0	0
I-H-116987-T3-1-D1-1	697.42110098733	216.512733328385	1311.25852006469	0	0	0
I-H-116987-T4-1-D1-1	646.877259664358	206.695022971648	1262.35798840698	0	0	0
I-H-116988-T1-1-D1-1	87.4389202668658	225.719735990397	1119.40150041545	0	0	0
I-H-116988-T2-1-D1-1	500.69600816094	0	2132.7717086063	0	2591.23934837062	0
I-H-116989-T2-1-D1-1	951.912921190072	515.86446686218	535.590919114198	0	0	0
I-H-116989-T3-1-D1-1	1140.07632004153	847.226092381085	2080.32054946273	0	0	2502.58716262878
I-H-116990-T1-1-D1-1	0	1024.97866312876	2901.19907222661	3690.09076416997	0	0
I-H-116990-T2-1-D1-1	63.8772626575407	138.175446593984	691.825617655335	0	0	0
I-H-116991-T1-1-D1-1	550.228818606673	331.024544153372	433.086232004451	0	0	0
I-H-116991-T2-1-D1-1	752.200238953264	381.409667079106	592.46468733444	0	0	0
I-H-116991-T3-1-D1-1	690.982416518022	618.450912762036	1661.16996830571	0	2090.21956482047	2091.08064579509
I-H-118706-T1-1-D1-1	351.755934629357	144.279821456511	379.446808823816	0	0	0
I-H-118706-T10-1-D1-1	736.617587037298	336.788778047709	1661.32001657632	613.487747539988	221.267314777845	693.697616880484
I-H-118706-T11-1-D1-1	649.964482429412	334.347358208234	1508.82353494258	355.488213648835	244.539345239915	673.871206056487
I-H-118706-T12-1-D1-1	724.143309599262	287.786114737625	1710.44545787213	575.380607139193	203.789146890464	689.199411329721
I-H-118706-T13-1-D1-1	530.627841426104	358.314402929129	1668.94759440084	330.7396131718	248.138841426795	631.846859536724
I-H-118706-T14-1-D1-1	636.326179188175	288.236105467705	1410.78849910302	466.687565902405	211.189494362387	751.454875870256
I-H-118706-T15-1-D1-1	380.745929016049	194.642839908292	1083.0225878097	214.972090212131	152.977352721511	518.65707435315
I-H-118706-T16-1-D1-1	689.183516730556	302.948056607291	1427.62611168516	645.022088302546	216.228583095286	786.370702109589
I-H-118706-T17-1-D1-1	693.303869452377	415.852573503061	1848.33341200355	380.737399916978	232.241016145029	718.296313994585
I-H-118706-T19-1-D1-1	641.730044413259	353.265697347453	1521.61848510618	421.777470372389	234.338495689595	672.654202770651
I-H-118706-T19-2-D1-1	527.823170464076	319.470457662021	1316.3939232794	320.767528487615	230.75501256699	622.540754407261
I-H-118706-T19-3-D1-1	571.242083462905	248.584348280488	1369.81957022375	246.335434362471	231.509363976741	635.225782917309
I-H-118706-T3-1-D1-1	615.348062528716	315.295618968672	1609.27031918133	374.714016924423	228.906428800833	693.48020465201
I-H-118706-T4-1-D1-1	601.61681458518	320.309886418894	1397.15482415355	323.296056354698	237.432952346461	682.811925385179
I-H-118706-T5-1-D1-1	748.265864665172	342.008971546072	1418.55270880546	675.372100551337	237.137932944818	676.999820147189
I-H-118706-T9-1-D1-1	512.388619972955	272.419202341863	1321.06519053256	292.437678586477	238.100659355138	552.001847634982
I-H-118733-T15-3-D1-1	354.713078011292	714.122490678225	2882.01208755842	0	889.408234730363	0
I-H-118733-T16-3-D1-1	329.999487243895	641.767884029843	2761.5612147871	0	843.624737924664	0
I-H-118733-T17-3-D1-1	301.860295692201	696.224560718805	2753.15693781977	0	782.068971068337	0
I-H-118733-T18-3-D1-1	430.214910242573	909.737717209252	3411.17759835766	0	876.391448613745	0
I-H-118733-T19-3-D1-1	610.85748738585	1548.63294443971	4412.77020547977	0	960.59638902957	0
I-H-118733-T20-3-D1-1	775.037173029881	1752.76608508661	4417.3634455753	0	975.673785665379	0
I-H-132372-T3-1-D1-2	402.252326510295	660.450385168717	2496.08200347343	0	0	0
I-H-132372-T4-1-D1-2	692.269656881294	867.100038350594	4221.51823048523	0	279.814156732886	0
I-H-132374-T4-1-D1-2	3868.89887241596	684.196454570843	0	0	0	0
I-H-132374-T5-1-D1-2	3520.35121572303	720.918619942173	2874.12273535269	0	778.155025711358	1062.86305455815
I-H-132374-T6-1-D1-2	2910.23757023865	863.424038727239	1899.12066633509	0	719.899169985924	1812.46070793869
I-H-132376-T4-1-D1-2	497.479711441688	378.488733534261	940.184130663448	0	0	0
I-H-132376-T6-1-D1-2	2977.57200256455	1173.09979025847	3652.10738019478	0	301.26997376612	511.511356946222
I-H-132377-T4-1-D1-2	1545.05570118178	604.365342911599	2349.32922098023	0	149.796237639616	260.123497464587
I-H-132378-T4-1-D1-2	713.415929612995	357.294406515953	1629.2312094369	0	645.747758485181	0
I-H-132379-T4-1-D1-2	127.152369702809	148.748694632349	733.155329425936	0	0	0
I-H-132379-T5-1-D1-2	536.08821371914	703.01333494415	3150.80193014003	0	204.557888682367	0
I-H-132379-T6-1-D1-2	788.917705212708	1468.65887936992	3889.0673096925	7183.94923210451	0	1054.23160724408
I-H-132380-T4-1-D1-2	682.745564617903	161.382101346967	1296.88873955019	0	0	0
I-H-132380-T5-1-D1-2	1651.42541578126	0	5698.35898573243	0	0	0
I-H-132381-T3-1-D1-2	653.235940852989	66.5108117079609	560.72027500467	0	0	0
I-H-132381-T4-1-D1-2	995.499366489553	0	1703.03668471165	0	119.360495793939	132.280072008831
I-H-132382-T3-1-D1-2	873.543885221872	254.423337761416	414.584077530412	0	0	0
I-H-132382-T4-1-D1-2	759.605774890856	837.840086297553	3172.8539476201	0	1610.02324514679	1498.07695215023
I-H-132383-T10-1-D1-2	353.51743377613	273.586101249966	1599.13301852754	0	0	0
I-H-132383-T11-1-D1-2	62.1672284647388	91.9597520312098	490.434279919657	0	0	0
I-H-132383-T12-1-D1-2	199.125519641022	270.275446108199	1715.67175972005	0	0	0
I-H-132383-T7-1-D1-2	183.631811210393	177.196610899662	1002.57262931378	0	0	0
I-H-132383-T8-1-D1-2	313.063318936602	233.846960570415	1351.78693842393	0	0	0
I-H-132384-T10-1-D1-2	177.712984242582	72.7963513177442	548.389416436596	0	0	0
I-H-132384-T11-1-D1-2	226.728963919759	116.953157127672	665.9785621759	0	0	0
I-H-132384-T12-1-D1-2	132.553595268139	87.2504171614947	655.806943186944	0	0	0
I-H-132384-T13-1-D1-2	245.501258059864	123.545661883096	644.454442832793	0	0	0
I-H-132384-T15-1-D1-2	670.223107144947	0	3422.72325968329	0	2036.47187852075	0
I-H-132386-T5-2-D1-1	539.696945473297	194.917274408973	1586.37371526943	0	0	0
I-H-132386-T6-2-D1-1	1044.66882679712	394.953108533959	1002.35597804001	0	0	0
I-H-132386-T7-2-D1-1	1206.82849778754	438.786510712344	1224.49566672192	0	0	0
I-H-132387-T5-1-D1-2	0	484.425110683706	2614.56267830204	0	0	0
I-H-132387-T6-1-D1-2	301.063173312177	462.731840137359	3934.38731504455	0	0	1558.58543732109
I-H-132387-T7-1-D1-2	941.663130159884	1046.21559766582	8731.3465066497	0	653.322570981696	3548.03259741376
I-H-132388-T7-1-D1-2	0	581.252806047055	3013.40041618181	0	0	0
I-H-132388-T8-1-D1-2	0	670.656385116514	3399.56333750516	0	0	0
I-H-132388-T9-1-D1-2	100.405765036848	289.623277434816	2047.92044232859	0	0	0
I-H-132389-T4-1-D1-2	115.478101581753	182.249258320104	1298.91227173466	0	0	0
I-H-132392-T6-1-D1-2	1830.55127697658	1128.70420224096	6181.20789944475	0	0	0
I-H-132392-T7-1-D1-2	1951.45631885171	1156.93839563561	6531.97194566293	0	0	0
I-H-132392-T8-1-D1-2	3465.80658433319	2169.86090098609	11234.602482971	0	0	2072.13879112788
I-H-132395-T5-1-D1-2	0	357.954494408001	1477.9867763088	0	0	0
I-H-132396-T5-1-D1-2	57.0910732890412	60.59903202085	327.182476547757	0	0	0
I-H-132396-T6-1-D1-2	920.098873383356	277.620986686754	969.690685104966	0	344.224544778827	0
I-H-132396-T7-1-D1-2	1261.97533826439	612.457703398376	2110.80554959683	0	579.547176915233	0
I-H-132397-T3-1-D1-2	421.465503872946	362.245050767602	3206.87000182978	0	1385.44967089182	0
I-H-132397-T4-1-D1-2	439.139288590528	0	3166.76212244185	0	4220.6699479762	0
I-H-133120-T10-1-D1-2	438.482901977775	236.72426899169	1123.62563462108	0	0	0
I-H-133120-T11-1-D1-2	648.300147829666	595.318043299054	4263.34431569621	1951.51166596033	781.615705851629	0
I-H-133120-T9-1-D1-2	576.877147586717	309.059001022756	1397.30858682794	0	0	0
I-H-133121-T5-1-D1-2	1942.94607961976	0	1901.0168433752	0	512.986860957127	0
I-H-133121-T6-1-D1-2	2548.23232144348	197.910231484411	803.695110986791	1406.75904802956	273.418043627018	0
I-H-134722-T20-2-D1-1	2086.88019760561	1195.81643726415	2889.99250075315	0	1921.23831553327	2242.92453077744
I-H-134722-T21-2-D1-1	2488.26269713159	1565.10883130245	6112.54435461434	0	3532.49303889553	3941.23930767933
I-H-134722-T22-2-D1-1	2243.62063080464	1103.71461438249	4311.94146507745	0	2504.39389681575	2825.15978920212
I-H-134722-T23-2-D1-1	1832.66420852426	1481.00604641248	5090.74352097862	0	1772.64666272274	3592.78200201933
I-H-134722-T24-2-D1-1	2224.26537159942	1399.18263601579	5010.45487383196	0	2437.67248431408	2998.66718828135
I-H-134755-T1-1-D1-1	18.4939027939806	57.7006142921578	422.572588924391	0	137.541465047066	0
I-H-134817-T11-3-D1-1	0	32.8803751440861	324.317185017217	0	0	0
I-H-134817-T12-3-D1-1	49.878911558887	67.5297731535881	800.196231575551	0	0	0
I-H-134817-T13-3-D1-1	46.0470649110466	58.9208070427608	776.845086281226	0	20.8477196104247	0
I-H-134817-T14-3-D1-1	403.614848210588	0	4491.63559919182	0	0	1330.41786336109
I-H-134817-T9-3-D1-1	12.8265616641006	29.1004814796051	212.733340880231	0	0	0
I-H-134818-T8-3-D1-1	282.816498607719	231.494944571307	1677.00770797896	0	0	0
I-H-134818-T9-3-D1-1	246.030880277906	221.979215352377	1623.57206816318	0	0	0
I-H-134819-T11-3-D1-1	298.859759321969	461.762720345662	4662.68946632183	0	612.710839242404	2776.77405089162
I-H-134819-T12-3-D1-1	0	1010.90694503755	6252.35218338717	0	1183.00613746922	5993.6330859371
I-H-134819-T14-3-D1-1	0	1257.43139797863	3772.79186151817	0	1756.59516492337	4624.65880582258
I-H-134819-T15-3-D1-1	624.411330289865	0	5386.62660452938	0	0	5941.92614755843
I-H-134819-T16-3-D1-1	821.106259539555	0	6300.03765172463	0	875.861947183477	6037.93397649156
I-H-134819-T9-3-D1-1	78.9900354801355	96.0628536059666	996.999483339055	0	0	0
I-H-134820-T11-3-D1-1	315.142801171584	170.937563153732	1249.67465595384	0	0	0
I-H-134820-T14-3-D1-1	384.130933991662	691.336677830304	1280.99543462714	0	2687.21846825682	0
I-H-134820-T16-3-D1-1	531.753593123288	265.452946040915	1294.80190923458	0	1218.73891137635	0
I-H-134821-T10-3-D1-1	1968.31733215444	397.740067486661	2604.90927580126	0	0	0
I-H-134821-T12-3-D1-1	2269.50206708893	445.326714306989	2809.44233867566	0	0	0
I-H-134821-T13-3-D1-1	1939.91135688784	511.887326195713	2488.58065785947	0	0	0
I-H-134821-T14-3-D1-1	1899.32070650638	504.448763449108	2518.09640370501	0	0	0
I-H-134821-T15-3-D1-1	2047.23765575655	415.82550473547	2768.74554587572	0	0	0
I-H-134821-T17-3-D1-1	4470.87697011337	1148.80826786889	6129.42363304189	0	0	0
I-H-134821-T18-3-D1-1	4391.95841780704	2788.0688762571	4265.38596046456	4089.51162087764	0	0
I-H-134822-T10-3-D1-1	859.666989609514	1444.14148036994	2081.11062122913	0	290.111809719145	0
I-H-134822-T7-3-D1-1	1243.7175220051	1501.66651326115	2315.78847699972	0	0	0
I-H-134822-T8-3-D1-1	292.703084607795	477.524169092918	1282.55587106567	0	0	143.481107307256
I-H-134822-T9-3-D1-1	1217.95139387316	1554.26868473677	2131.15514144113	0	0	0
I-H-135088-T1-2-D1-1	528.46097401222	659.427231934127	4159.84187380296	0	1215.67074843768	0
I-H-135089-T1-2-D1-1	139.797451070779	203.858855545304	1215.43299582567	0	79.7592714789393	0
I-H-135089-T2-2-D1-1	109.756024305928	131.446666792501	781.639948778646	0	0	0
I-H-135421-T1-2-D1-1	3264.75347487661	3669.08984281448	0	0	642.847659216485	1647.06373146468
I-H-135463-T1-2-D1-1	262.221087966961	1030.0907586432	1544.9160560414	0	0	0
I-H-135467-T1-2-D1-1	1034.46710865061	331.410803469927	542.757030960966	0	0	0
I-H-135973-T1-2-D1-1	449.042629400178	1427.21215969439	918.572057702927	0	0	0
I-H-135988-T1-2-D1-1	173.32235838638	300.701306649629	750.122201054808	0	0	0
I-H-136083-T1-2-D1-1	165.852733976583	327.42587020972	856.566772936334	0	0	0
I-H-136134-T1-1-D1-1	537.609483658833	953.535332650393	6190.42849910992	0	3370.26588405164	1568.10377452162
I-H-136425-T1-1-D1-1	923.891007253691	532.31059001702	1406.09014608582	815.546883274842	0	180.819805798356
IID_H118706_T20_01_WG01	512.368919395958	199.309398746691	529.182256286385	0	0	0
IID_H136574_T05_01_WG01	265.430535437701	248.627335157027	1285.89830844227	0	98.4189017882009	255.776753250153
IID_H136648_T01_01_WG01	696.532457061025	0	1941.92091092505	0	1067.73608590848	0
IID_H136649_T01_01_WG01	1227.20835310442	788.713715830097	1044.78722164129	0	190.727479514889	0
IID_H156379_T01_01_WG01	69.0142526335833	209.413327300211	563.308325668571	0	0	0
IID_H156418_T01_01_WG01	83.5066353175807	205.651097735301	649.4864552208	0	181.604939980466	0
IID_H158183_T01_01_WG01	763.570514879994	986.228570325931	2343.80523097505	0	0	0
IID_H158184_T01_01_WG01	1198.87789153062	577.658903308037	2353.3942802271	0	0	0
IID_H158270_T01_01_WG01	381.988966873364	317.645990212108	454.840986308014	0	0	0
IID_H158271_T01_01_WG01	31.9707866146783	129.770898191251	382.991210107138	0	0	0
IID_H159103_T01_01_WG01	103.134777943128	104.128365977207	811.298543365205	0	0	0
IID_H159371_T01_01_WG01	34.3052707924671	36.8613527529015	378.903360839012	0	0	0
IID_H159446_T01_01_WG01	506.247471941546	591.734157758544	4190.45166826193	1070.22369469931	867.699600217299	0
IID_H195918_T01_01_WG01	94.7172147511772	85.2845658688911	396.193223427565	0	0	0
IID_H195922_T01_01_WG01	10441.2256180237	3571.40867417127	13317.659437336	1714.26977969054	0	0
IID_H196227_T01_01_WG01	56.7360356788223	48.6202224853668	313.262912932623	37.9092451602959	0	0
IID_H196390_T01_01_WG01	707.608523283635	671.372792472072	2354.82749965676	0	485.957173235975	0
IID_H196438_T03_01_WG01	3007.0527229712	1097.74420656159	3121.39921223969	0	0	0
IID_H196807_T01_01_WG01	1511.81405696713	1162.6770777908	2099.15182631471	0	0	0
IID_H196807_T02_01_WG01	919.489128389932	830.54599792541	1075.15268271466	0	0	0
IID_H197217_T01_01_WG01	194.999730595098	230.145659771155	1353.38276882043	0	0	0
IID_H197221_T01_01_WG01	159.74843843808	249.861399301167	709.079478051632	0	0	0
IID_H198663_T01_01_WG01	0	212.796198159139	757.248086925589	0	0	0
IID_H198664_T01_01_WG01	305.446814815535	447.701662528576	1677.18375970928	0	0	0
IID_H200645_T01_01_WG01	370.96392349022	185.3413286208	1637.57916796013	0	0	0
IID_H201471_T01_01_WG01	620.682619783838	525.43015464158	4398.28021799412	0	1226.18498704814	0
IID_H201473_T02_01_WG01	289.194881751238	780.008801518869	948.929173967868	0	0	0
IID_H201502_T01_01_WG01	415.149662953545	959.052558507915	1324.81968585371	0	0	0
IID_H201502_T02_01_WG01	346.216374486272	841.62387201642	1309.87922804064	0	0	0
IID_H201502_T03_01_WG01	169.460902024482	475.391508885674	1004.6669144544	0	0	0
IID_H201561_T01_01_WG01	536.548978015501	295.675354459549	2651.20216520205	0	616.025348678658	0
IID_H201562_T01_01_WG01	215.668780194986	305.83097325107	1157.26083642033	0	0	0
IID_H201562_T02_01_WG01	243.273944957204	377.468732345371	1313.15947904927	0	0	0
IID_H201568_T01_01_WG01	1214.32434372345	2997.7599971732	12000.7770226748	1466.43848020517	988.576270772752	0
IID_H201572_T01_01_WG01	191.812010212103	358.403228846044	1311.72593096353	0	0	0
IID_H201574_T01_01_WG01	78.8398200289379	286.366627889362	913.279643076905	0	0	0
IID_H201574_T02_01_WG01	81.5674285815746	231.137952220461	783.50360200667	0	0	0
IID_H201601_T01_01_WG01	727.305804643696	628.345863357922	2521.45489447188	0	0	0
IID_H201601_T02_01_WG01	365.793099118907	403.245090483787	1458.33993264742	0	0	0
IID_H201603_T01_01_WG01	732.110254151332	399.859364750113	2231.69957050711	0	0	0
