cluster	A_SBS18	B_SBS38	C_SBS40	D_TMZ	E_SBS31	F_SBS35
1	47.9165516789913	20.3759646419944	76.461154211663	0	0	0
2	2029.92409213176	208.543846400331	0	0	0	0
3	638.499965667154	203.839080767798	615.253460140395	0	187.924202576354	335.470618162928
4	0	90.7805666086834	340.471847432453	0	165.402300239013	412.213877627542
5	1730.24773959372	432.239879024073	0	0	0	0
6	250.922645217172	127.742462926652	811.737989456938	0	292.705860593079	0
7	1387.17358197563	124.192395363305	0	0	0	0
8	20.2201915002863	278.919004984755	454.59681964426	0	332.570584659732	1048.84662413628
9	347.047550177481	0	503.89903444879	0	85.3248393491343	78.7566116630681
